38
0
0
0
0
0
0
1
46
0
0
28
34
24
0
0
0
0
0
0
0
0
0
28
119
259
0
84
0
18
0
0
0
25
0
70
0
0
17
0
0
0
0
8
10
0
0
0
0
0
0
0
0
35
0
0
2
0
7
0
0
0
6
0
0
0
0
0
0
0
3
0
0
42
0
0
0
0
0
16
71
23
622
799
77
0
0
0
0
0
0
0
0
14
0
4
0
0
0
0
26
0
0
0
0
61
29
1
6
1
0
1
0
0
0
1
29
41
0
4
0
0
0
0
63
0
0
0
0
15
0
5
0
0
43
53
0
0
3
0
0
0
3
0
0
31
21
0
0
28
0
0
0
73
29
0
0
0
0
28
0
104
0
12
0
0
125
0
47
0
59
6
6
0
80
17
43
0
19
7
0
24
0
17
0
340
0
10
0
3
0
0
0
18
0
0
12
0
0
0
47
17
0
0
0
0
0
0
0
0
0
0
11
0
0
0
815
0
0
356
0
0
0
29
0
0
0
634
0
11
0
0
0
9
18
232
0
50
23
0
0
0
0
28
26
1
0
0
0
0
2
20
0
3
0
0
0
0
0
0
12
12
0
6
183
0
0
0
37
0
31
0
0
0
0
0
0
0
0
0
0
0
0
0
0
0
0
0
0
28
0
0
0
0
7
0
0
0
0
0
0
0
0
0
0
0
0
0
0
0
0
0
0
0
0
0
0
0
0
0
0
5
0
0
0
4
0
0
0
0
184
0
32
0
0
0
0
0
0
0
0
0
0
0
0
0
24
0
49
0
0
0
0
0
0
16
0
0
0
56
0
0
0
53
81
0
22
0
15
0
88
1
0
0
0
0
0
0
0
0
53
0
0
0
107
8
0
0
0
0
0
0
0
0
0
0
0
234
189
12
0
1
21
0
88
41
51
1
0
0
46
0
0
84
0
0
0
40
0
15
0
2
0
0
0
0
0
0
0
0
0
0
0
0
7
0
0
0
0
0
0
18
6
9
22
115
0
3
1
39
34
0
23
39
28
0
0
0
13
20
1
0
0
18
0
0
0
0
0
0
0
0
0
0
88
29
0
0
15
0
3
31
0
97
0
0
0
0
1
0
0
73
0
0
25
0
14
0
1
38
62
0
0
0
0
0
80
70
0
90
5
79
6
22
9
4
0
26
1
12
7
0
0
0
0
0
0
0
0
0
146
0
67
72
13
42
0
0
1
17
0
0
0
0
4
0
0
0
0
0
0
0
0
0
0
49
2
7
0
345
120
0
0
2
0
0
0
14
0
0
0
0
0
0
0
0
0
0
0
0
9
23
18
0
58
1860
0
0
11
0
0
9
45
31
0
8
0
0
35
156
123
11
105
0
0
54
1
5
0
17
4
31
77
0
0
28
0
0
0
0
0
0
0
0
0
0
0
0
0
0
0
27
65
1393
89
0
26
0
0
0
0
4
3
0
20
0
138
0
100
0
0
0
0
0
1
0
0
6
0
0
0
27
2
0
0
8
0
0
0
0
0
0
0
0
0
0
0
0
0
0
0
0
0
0
0
0
61
21
1
31
257
0
92
39
0
14
0
232
20
0
0
30
16
0
0
0
0
0
0
0
27
0
0
0
0
26
0
0
0
0
0
0
0
0
0
1
4
0
17
0
0
30
0
0
3
47
0
0
0
9
0
0
0
0
0
0
2
0
0
0
0
0
0
0
0
0
0
0
3
0
0
0
0
0
9
0
0
25
0
0
0
0
0
0
0
0
30
0
19
0
0
0
0
0
5
0
2
0
14
289
9
0
0
0
0
2
0
0
0
0
0
0
0
0
0
0
24
0
0
0
17
0
22
0
24
0
56
107
0
0
37
0
0
0
0
1
0
1
0
13
0
1
106
0
0
6
0
0
1
0
0
0
0
19
0
20
1
12
1
0
0
0
93
2
145
0
0
0
0
21
0
0
26
0
0
0
0
23
26
0
99
0
295
7
5
0
12
0
3
34
179
456
26
0
0
46
1
54
5
36
0
2
26
0
0
19
32
14
0
0
0
12
0
0
70
0
8
0
0
0
0
0
38
0
103
4
39
0
83
6
4
0
0
0
0
0
0
0
0
137
254
2
0
30
0
0
0
0
0
0
0
0
0
0
0
0
10
0
0
0
0
39
29
0
0
0
0
0
0
0
0
0
0
0
0
0
0
0
0
51
0
0
73
3
0
7
0
25
43
203
0
0
0
0
0
0
34
0
0
4
0
0
0
0
0
0
0
27
0
0
0
0
0
0
145
0
0
61
786
52
293
33
1
64
84
39
20
0
1
33
25
0
19
52
0
38
103
21
5
0
0
8
20
0
27
0
0
21
0
0
0
17
0
5
0
0
7
0
0
0
0
4
44
0
4
3
0
0
0
46
0
0
0
0
14
0
0
15
0
0
0
25
0
0
0
42
0
0
0
0
4
0
0
0
6
0
0
0
0
0
3
0
0
0
0
8
0
0
0
19
0
38
16
12
0
0
26
0
0
0
139
1
14
0
0
0
0
0
35
0
30
30
0
0
0
0
0
3
0
8
101
9
0
615
47
8
0
0
559
0
47
32
0
732
0
23
0
0
11
0
0
0
0
29
20
6
0
0
0
0
1
0
0
0
0
63
0
0
0
0
94
80
399
110
69
0
35
171
0
188
0
15
9
0
12
43
12
0
0
0
0
0
0
0
0
0
0
0
0
20
0
2
0
0
0
0
0
0
1
0
0
0
6
0
0
3
0
0
0
0
0
0
0
0
0
17
0
0
0
0
0
0
104
0
0
0
0
2
121
15
0
0
0
0
0
31
21
0
0
0
5
7
0
0
0
0
0
0
0
0
0
0
0
0
0
522
6
37
0
0
0
16
0
0
12
0
0
0
138
0
16
22
0
55
0
26
27
0
0
57
37
2
29
98
34
14
16
0
23
0
17
42
0
20
4
0
0
1
60
0
8
356
408
235
8
13
0
95
0
165
106
114
0
0
180
98
285
7
0
68
0
57
76
34
9
18
0
0
0
169
0
47
0
18
0
0
28
20
0
27
0
38
0
0
0
0
2
1
0
0
0
0
61
527
0
0
37
77
6
0
0
15
0
10
0
44
0
229
702
68
79
77
154
222
112
201
392
37
79
173
70
0
211
0
87
8
131
205
0
452
0
6
0
207
85
0
173
0
280
1
0
78
0
38
36
0
205
104
0
158
463
0
0
0
0
0
0
0
3
4
0
0
5
6
7
14
0
10
331
22
46
14
0
0
37
0
48
110
21
10
14
0
0
0
0
0
0
0
4
3
78
170
272
6
321
83
0
0
0
4
0
0
0
0
19
0
0
0
1
0
3
0
0
17
39
29
0
0
0
23
0
0
0
0
0
0
0
0
17
0
19
0
0
0
0
3
0
2
3
0
0
1
0
48
0
0
100
10
0
22
0
0
0
24
0
0
0
0
7
0
0
0
0
0
0
22
0
0
0
270
17
0
0
0
0
0
0
0
0
0
0
0
69
11
28
1
0
121
8
0
219
0
0
14
57
28
0
0
0
19
15
0
89
0
33
10
7
23
0
0
0
6
55
0
0
0
0
0
17
0
1
0
36
0
18
41
855
0
0
0
0
17
0
0
22
72
295
0
0
0
69
0
0
0
17
0
0
0
8
14
0
97
47
0
0
0
0
1
0
0
0
13
0
0
0
105
0
0
0
3
0
39
0
0
155
0
0
0
0
0
0
0
104
0
97
74
0
0
0
0
0
0
0
0
0
0
0
0
31
14
0
0
0
0
31
0
0
0
0
22
0
0
0
0
0
0
0
0
0
0
0
1
24
0
2604
0
23
2
0
6
0
184
14
0
0
0
0
0
0
0
75
0
6
0
0
0
30
0
118
21
17
0
0
0
0
153
0
421
16
0
0
0
0
30
0
0
0
14
0
20
0
0
0
0
5
0
0
107
0
0
0
81
0
0
0
0
0
0
0
0
7
17
94
124
0
0
0
1
0
0
0
45
0
1
8
0
0
0
0
0
128
42
0
0
0
0
0
0
0
0
0
0
0
0
94
0
0
0
19
28
9
43
38
26
0
123
46
103
14
0
1
0
87
10
0
0
13
0
0
0
0
0
1
0
26
99
158
369
0
90
0
0
0
1
0
64
0
0
1
5
0
12
105
4277
0
0
0
0
0
4
0
0
54
0
0
0
0
0
0
0
13
0
0
13
0
0
0
0
98
16
0
0
0
6
8
5
0
0
0
0
0
0
0
0
0
0
0
0
0
55
234
0
188
0
76
0
0
190
0
0
227
241
0
0
0
0
0
0
0
0
0
0
0
0
57
0
11
0
22
0
0
0
3
0
0
0
0
22
0
0
0
0
0
0
0
0
0
0
61
9
219
6
0
0
0
11
0
0
0
28
64
99
0
10
0
7
17
0
8
1
159
0
0
0
0
0
0
0
0
0
0
25
84
0
0
1
0
261
63
11
284
0
0
0
158
1
2
0
0
0
0
0
0
0
6
0
0
81
0
308
0
80
0
328
113
0
0
0
0
0
676
0
3
0
0
0
0
0
0
0
0
0
0
0
0
38
26
0
0
0
0
0
0
6
0
0
0
12
0
0
25
1
0
0
0
0
18
0
31
0
0
17
0
89
0
0
0
0
0
0
0
2
0
0
0
0
0
1
0
0
0
0
0
0
0
0
35
31
0
11
31
0
0
0
0
0
0
0
0
0
58
34
0
0
0
0
12
22
0
0
14
0
0
0
0
133
73
6
146
21
0
0
0
0
30
73
2
0
42
744
14
610
0
1
13
0
0
0
83
0
5
0
0
0
0
0
47
96
0
0
0
1848
0
0
0
0
0
0
0
31
0
0
0
0
7
0
0
0
0
11
0
0
0
0
0
0
0
0
0
0
0
0
0
0
40
26
0
102
0
0
0
0
0
0
10
0
0
0
8
0
0
0
0
0
0
8
0
20
0
0
2
21
0
0
0
0
0
0
0
0
0
8
0
13
153
0
0
0
0
0
0
0
55
109
0
0
0
1
0
0
0
0
0
0
0
0
0
0
0
8
0
53
0
0
0
28
0
0
0
0
0
0
0
5
0
0
22
0
0
0
0
0
0
0
3
0
49
0
0
11
0
0
0
0
12
0
0
0
0
0
0
0
0
0
0
0
0
1
0
0
61
0
0
0
0
0
32
7
0
0
0
0
15
28
0
0
0
0
0
0
0
1
0
0
18
17
0
0
0
0
0
0
0
0
14
29
0
0
0
43
0
0
0
0
0
0
0
0
0
0
0
0
0
0
0
2
0
12
3
25
0
1
0
0
0
10
9
0
0
0
0
0
32
0
168
3
0
23
0
0
0
0
27
0
0
0
0
0
22
0
6
0
6
0
1
0
0
0
0
0
0
62
0
14
0
0
0
0
1
0
0
0
0
0
0
18
5
0
0
0
0
0
0
164
69
6
0
77
0
65
0
0
0
0
9
0
0
0
0
13
78
2
0
0
0
0
0
0
0
0
0
0
0
46
0
0
0
0
0
0
0
119
0
0
0
0
0
0
0
0
0
0
49
0
0
12
0
0
0
0
0
0
184
9
0
0
0
0
0
0
0
0
0
0
69
0
0
0
0
0
0
14
14
0
0
3
0
0
0
0
0
0
0
0
5
574
34
9
0
18
0
0
0
0
0
19
0
0
0
0
0
0
10
5
0
0
0
0
0
0
127
81
0
0
0
0
0
0
17
0
56
0
0
1
0
0
0
0
0
0
0
0
0
0
0
0
0
0
0
4
0
0
0
0
0
0
14
0
0
0
0
0
0
0
0
0
1
0
53
62
17
34
0
0
0
0
0
0
0
0
0
0
0
0
0
42
169
0
0
0
0
0
0
64
367
748
0
0
22
0
2
9
545
13
481
0
0
0
0
0
0
0
20
0
0
0
0
0
5
0
0
0
33
0
0
117
3
7
0
0
15
234
439
0
0
0
0
0
0
20
130
0
13
0
0
0
0
0
0
0
116
0
67
0
0
0
0
55
19
0
130
0
0
0
0
0
0
0
0
0
0
59
51
18
0
87
0
0
9
0
0
0
0
0
0
0
0
0
0
80
4
67
0
5
0
0
4
0
0
0
0
0
0
0
14
0
0
54
7
0
20
0
5
0
0
0
14
0
23
2
6
0
0
0
0
0
0
0
0
0
0
0
0
0
27
59
0
0
88
0
0
0
0
0
0
1
0
0
19
23
0
0
1
0
1
115
17
188
0
0
318
0
0
0
14
0
0
0
0
0
106
33
0
0
0
5
0
41
5
0
19
0
0
0
20
0
0
0
0
0
8
0
26
8
35
57
0
0
3
645
7
56
0
0
0
0
0
0
0
0
39
11
17
4
0
0
3
0
0
0
2
1
23
0
4
0
0
1
18
0
0
0
0
2
0
0
19
0
0
21
0
56
0
0
0
0
0
12
0
0
15
0
36
0
10
0
11
0
31
0
2
0
0
0
0
0
0
52
0
118
0
27
0
4
0
0
60
0
0
0
3
10
27
0
0
40
101
0
52
13
0
8
32
25
74
0
19
0
0
2
0
2
0
0
0
0
7
0
11
0
10
0
0
15
0
5
0
0
0
55
0
0
0
0
0
141
0
60
0
24
0
12
35
7
0
15
135
0
41
0
0
0
0
14
0
0
0
0
0
0
1
0
0
0
0
0
0
0
0
0
0
0
0
0
0
0
1
0
0
0
0
0
0
0
0
0
0
0
0
0
0
0
0
0
0
0
109
21
419
67
69
27
103
24
5
87
82
120
23
177
33
0
14
5
15
24
30
68
0
74
31
11
0
0
0
41
0
77
11
0
0
0
0
0
0
0
0
0
0
0
3
44
0
0
0
781
1275
135
470
237
14
0
0
380
205
0
2
2
0
0
0
0
0
0
0
21
0
0
0
0
0
0
0
0
0
0
0
0
0
0
0
21
0
7
0
0
0
0
0
1
0
0
21
90
0
0
0
0
0
0
0
2
125
0
0
23
8
0
0
0
117
0
0
94
0
13
48
49
0
0
0
1
31
0
157
0
0
86
18
0
0
0
0
0
0
0
0
3
0
82
45
0
1
0
0
454
0
0
0
0
0
1
0
0
0
44
0
168
0
0
0
19
465
0
177
17
32
35
77
0
20
278
0
0
8
194
0
0
0
3
13
0
1
0
0
0
2
14
26
58
19
12
2
34
74
45
0
42
5
0
0
41
29
0
0
0
0
0
0
0
0
0
0
5
0
0
0
98
0
0
0
0
8
0
0
0
0
0
0
20
29
18
1
33
30
29
88
12
0
0
70
16
0
2
74
16
25
143
0
84
13
0
0
101
6
0
0
17
0
40
0
0
0
15
0
0
18
0
0
0
31
5
0
0
0
0
0
0
0
0
0
239
0
20
0
0
0
0
0
0
1
0
0
78
0
50
287
0
0
0
0
0
0
0
0
0
0
0
0
0
0
0
0
0
23
0
0
0
0
0
0
0
0
0
0
0
14
147
71
0
0
0
2
0
0
0
0
1
0
0
25
17
92
19
0
0
0
0
0
0
0
0
0
0
0
1
5
1
4
0
0
0
40
285
17
11
15
3
9
19
80
103
21
28
18
26
0
0
0
188
63
0
9
3
0
18
3
8
0
6
0
0
21
0
39
1
45
3
0
15
22
0
23
0
7
0
0
23
1
0
1
0
22
1
2
5
0
0
0
0
0
0
216
0
28
107
0
0
0
0
0
0
0
0
0
0
0
268
17
0
0
0
0
0
0
315
10
0
0
0
0
0
0
0
1641
0
36
0
0
6
0
0
11
0
0
0
0
0
0
0
13
0
0
0
0
0
0
0
21
5
1
0
16
0
720
1
20
18
23
92
0
0
18
19
154
0
22
14
2
0
0
0
34
0
0
9
107
0
0
0
0
0
0
21
0
221
0
0
0
0
0
0
0
43
0
475
2
0
531
32
6
0
0
0
112
0
29
0
5
0
0
0
295
0
0
0
0
4
0
0
0
0
0
0
0
0
0
0
0
0
13
0
0
0
0
0
1
0
48
0
0
0
0
0
0
0
0
0
58
0
0
17
0
0
0
0
0
9
40
0
6
0
0
58
196
34
39
0
70
105
0
50
0
0
0
0
0
0
3
137
0
0
0
79
28
1
13
0
390
54
5
0
0
0
1
0
0
0
101
46
0
0
136
0
4
0
0
0
26
1
0
0
1
36
120
1
2
12
22
0
0
0
0
0
0
0
0
35
0
10
0
0
0
0
0
9
0
0
0
0
25
0
0
0
0
0
0
0
0
0
0
0
2
0
38
56
0
0
83
0
21
13
0
0
0
44
0
0
0
0
0
0
0
0
0
2
8
0
0
0
0
0
0
0
0
0
0
0
0
0
0
0
14
0
0
21
0
5
0
0
1
51
0
5
50
0
1
0
0
56
3
0
0
0
0
21
15
68
0
0
64
6
128
66
661
8
0
0
102
37
21
0
0
0
0
168
50
0
0
2
244
18
75
0
0
0
29
0
0
0
0
0
0
0
0
0
50
0
5
103
7
0
0
49
0
12
0
0
0
0
0
132
0
0
14
0
0
0
0
836
0
0
52
96
0
38
0
0
0
0
601
0
0
49
29
0
0
21
26
0
0
41
0
6
36
23
16
58
0
19
21
0
75
5
86
20
0
1
7
74
0
0
19
72
15
0
0
0
0
3
0
0
0
0
0
0
0
0
0
0
0
0
0
0
0
11
32
42
11
52
38
129
0
0
0
0
0
35
0
0
42
10
25
0
13
48
0
0
0
0
0
0
0
0
0
0
0
0
0
0
0
0
0
8
0
0
0
0
0
0
0
0
0
0
0
0
41
0
0
0
0
0
0
0
12
0
0
0
0
0
0
0
0
0
0
4
0
0
0
0
0
245
0
0
13
22
32
6
0
71
0
111
16
45
107
0
0
0
20
57
228
430
47
0
6
93
202
13
62
270
80
119
0
104
0
1
90
0
36
10
0
136
128
17
0
83
46
161
3
0
0
0
0
0
58
15
0
4
86
74
112
32
0
59
0
801
0
106
1039
535
0
414
4
286
0
377
372
499
7
69
475
16
0
16
0
0
0
0
0
0
0
0
0
32
0
0
0
0
0
81
19
0
0
0
0
43
0
0
104
0
17
0
0
0
0
0
15
0
0
27
4
17
0
0
0
10
493
12
0
39
53
8
0
8
0
2
0
0
0
0
0
0
0
0
7
0
1
0
0
0
1
15
10
51
0
6
97
0
2
19
0
8
36
30
0
0
21
0
1
0
53
0
1
0
3
0
0
1
0
1
0
176
0
0
0
24
54
12
203
0
0
0
31
0
0
7
15
0
0
7
0
5
0
7
8
0
0
4
26
14
0
0
64
0
0
0
0
0
0
0
14
0
0
0
0
13
6
0
0
0
0
0
9
1
178
4
162
0
0
13
0
347
211
0
20
0
0
0
0
0
0
0
18
0
0
0
3
0
0
0
2
0
0
0
0
0
84
2
6
35
57
0
20
0
83
23
61
27
376
0
0
0
0
1
0
0
0
0
0
0
0
0
0
0
0
0
0
0
0
0
0
0
0
0
31
93
153
2
63
0
0
0
0
0
0
0
0
0
0
0
0
0
0
0
0
0
0
0
0
0
0
0
0
0
0
0
0
0
0
0
0
0
0
0
0
0
0
0
0
0
0
0
0
0
0
0
18
0
0
0
0
0
0
1
0
0
0
0
0
0
0
0
0
0
2
0
0
0
0
0
19
0
0
28
16
0
0
0
0
0
0
0
0
0
0
0
0
28
0
0
0
0
0
1
0
0
0
262
36
0
17
90
0
273
8
0
0
98
0
39
0
30
0
0
8
1180
219
0
0
7
0
0
0
94
0
0
0
0
0
745
0
0
37
0
33
0
25
0
0
0
0
0
0
0
97
19
42
110
135
5
0
20
84
14
0
0
0
337
20
83
8
25
0
0
0
0
608
0
3
0
0
0
24
0
0
0
0
0
0
0
0
0
0
0
0
0
0
0
0
0
1
0
0
15
0
0
0
0
0
0
0
57
20
270
0
0
0
0
198
0
0
0
0
18
3
20
14
94
20
481
1
5
33
0
40
29
0
0
0
0
19
855
0
0
0
0
0
0
0
0
0
0
0
0
0
0
0
0
0
0
0
0
0
0
0
0
0
0
0
0
0
0
0
0
1
0
0
0
0
0
0
0
1
0
0
0
13
46
0
0
0
0
0
0
0
0
0
0
0
0
0
0
0
14
0
0
0
0
0
0
0
13
0
0
16
0
0
0
0
0
0
0
0
0
139
0
1
14
0
0
0
0
0
0
23
22
0
0
22
0
0
0
0
0
0
0
293
119
0
127
0
0
70
0
0
0
0
42
216
1
0
53
0
0
4
0
0
318
0
0
0
0
0
0
0
0
0
0
0
10
208
72
0
9
17
0
0
79
0
0
5
0
0
84
22
18
17
0
0
0
0
20
0
0
289
9
0
0
6
25
0
0
6
44
59
0
0
0
102
0
15
16
0
0
28
0
0
0
0
11
0
0
0
0
0
1
0
0
23
0
94
19
0
0
0
5
20
122
0
41
158
30
129
26
84
46
43
0
25
16
0
28
260
0
84
113
24
0
0
0
0
0
0
123
21
2
0
0
0
197
23
0
0
0
0
77
137
13
0
0
0
0
0
0
0
0
0
28
171
0
19
52
583
139
445
0
0
0
366
1
0
1225
1
1110
1
44
77
6
16
122
129
285
1196
19
24
88
0
111
35
416
0
6
224
0
0
0
0
0
0
57
127
106
0
54
0
0
0
0
0
0
0
0
0
0
0
0
0
0
0
0
0
0
0
0
0
0
0
0
0
0
0
0
0
0
0
0
0
0
0
0
1
0
0
0
0
0
0
0
0
0
0
0
0
0
0
0
0
0
34
0
102
0
0
15
7
0
0
0
0
0
1
0
7
0
0
0
200
1
0
0
0
10
47
10
1
3
118
30
22
0
24
0
0
256
0
1
0
0
0
4
0
0
0
146
0
0
10
38
1
0
0
0
1
11
0
0
0
0
0
0
51
1
87
8
202
0
2
0
0
125
27
0
0
0
12
0
0
0
4
0
0
64
44
0
0
0
0
34
97
1
110
0
0
23
21
0
0
31
18
59
5
17
132
100
564
14
0
15
0
0
0
0
19
106
13
0
0
0
0
0
8
13
24
34
0
0
13
0
14
0
181
138
63
0
0
0
0
0
0
465
0
0
0
0
0
3
0
0
0
0
0
0
0
0
0
22
40
1
37
0
0
7
2
12
0
1
0
2
0
0
0
5
0
0
0
0
0
0
0
0
0
0
28
123
0
0
0
24
0
57
0
0
0
12
0
0
0
237
22
0
0
0
6
0
166
0
0
0
0
0
0
0
29
0
0
0
7
0
0
0
0
26
0
0
17
2
35
32
1
0
8
0
0
11
0
0
2
0
0
0
0
74
0
232
0
0
932
199
184
0
6
4
0
0
0
0
189
0
0
0
7
6
53
53
0
4
54
381
22
49
0
15
95
0
0
7
0
0
0
0
0
186
17
0
0
0
0
3
219
401
131
0
129
51
0
0
19
0
0
276
0
0
0
2
0
2
17
0
0
0
5
0
0
1
0
655
26
0
12
15
16
0
0
608
0
0
0
0
0
0
0
2
0
0
0
0
17
0
13
0
0
30
0
0
0
0
4
0
0
28
71
0
29
0
37
27
29
0
50
0
82
8
63
149
0
326
400
9
1
1
0
24
208
102
13
0
0
0
0
0
0
20
2
0
16
0
1032
1
364
262
5
0
0
0
0
0
10
0
0
8
0
77
0
0
0
0
38
0
0
0
0
54
87
52
13
0
0
0
0
0
0
0
0
198
45
0
0
11
0
0
4
0
0
0
0
0
0
0
0
0
12
0
0
0
0
20
0
0
54
0
0
0
21
0
0
0
0
0
33
0
0
11
0
0
0
0
0
0
0
0
86
0
0
0
0
0
7
85
316
10
0
0
0
171
0
1
0
0
71
12
0
0
24
10
0
0
0
45
0
0
0
1
9
1
6
67
0
0
0
0
0
0
0
0
0
0
0
0
0
0
0
0
0
0
0
0
0
0
0
0
73
0
0
0
2
0
0
0
0
0
0
0
23
0
5
216
23
0
29
336
97
0
26
0
161
0
12
0
0
0
12
0
0
2
0
0
0
0
44
16
0
1
0
0
12
0
0
138
21
17
37
0
27
0
48
0
0
0
0
0
69
782
745
0
87
5
20
0
0
159
25
43
0
40
0
44
0
0
0
0
50
42
0
0
0
0
138
87
85
0
0
0
86
0
89
0
0
0
0
0
0
0
27
0
0
0
84
3
191
24
0
0
1
16
157
1749
0
0
31
0
1
36
0
4
166
0
0
0
0
0
0
0
0
0
0
0
0
0
0
0
0
0
0
1
0
10
5
0
0
0
47
0
14
0
2
0
777
0
0
0
0
0
0
13
0
0
0
0
0
3
0
0
0
0
0
0
0
27
3
63
0
0
0
0
21
0
14
0
1
1
31
0
0
0
776
285
46
0
0
83
5
129
59
0
0
0
140
241
268
0
28
0
424
120
450
58
362
0
0
0
0
0
0
1197
98
167
1266
319
1327
36
58
26
499
399
235
0
0
102
580
53
22
0
564
0
36
32
3
40
1158
771
72
85
488
921
40
27
531
117
0
342
0
9
0
0
0
0
0
1
0
0
0
0
0
1
23
0
0
11
37
2
100
0
0
80
0
0
0
0
899
0
1127
52
0
0
27
73
49
0
9
54
40
32
0
109
14
0
0
0
49
0
0
474
15
433
21
467
16
10
0
59
13
0
187
0
0
10
0
0
11
5
3
0
0
0
58
32
0
0
0
0
0
0
0
11
0
48
0
0
10
1
0
84
0
0
0
56
0
1939
0
120
31
0
0
4
2
0
1
0
0
0
0
0
0
0
0
66
0
0
0
0
1
0
10
0
37
0
0
0
149
0
0
0
22
3
0
23
2
2
25
0
0
8
0
0
10
0
2
0
28
0
0
0
18
0
0
0
0
0
0
0
0
0
0
0
0
0
0
0
0
0
32
0
0
20
3
8
0
4
0
0
0
0
0
0
26
31
0
18
9
0
0
7
54
0
0
0
88
0
0
0
0
14
17
1
7
6
0
108
0
9
12
0
0
0
0
0
0
0
0
0
0
0
109
216
327
76
0
76
5
7
0
0
0
0
0
15
0
0
0
12
32
0
0
0
0
1
21
0
0
0
0
156
118
0
0
0
0
0
0
0
17
38
11
23
31
0
12
0
0
0
0
0
0
33
0
0
0
0
0
94
0
0
0
585
66
81
14
15
25
0
1
0
0
0
0
0
0
116
6
0
0
0
1
0
0
0
0
0
7
0
0
0
0
0
0
0
546
1
0
27
29
0
0
41
0
0
0
0
3
57
0
0
8
0
18
219
555
79
63
127
87
12
43
22
21
0
0
2
0
1
4
5
0
115
3
0
0
0
5
173
0
0
0
0
203
0
0
0
0
6
138
0
0
0
0
0
66
0
0
0
0
0
0
0
0
0
0
0
25
0
15
0
0
0
0
0
2
0
42
0
0
7
14
1
0
0
18
156
7
0
0
9
0
0
0
0
0
0
0
0
0
273
53
0
0
0
0
0
0
0
0
0
0
9
0
0
0
24
0
0
0
0
0
38
22
95
33
1
20
0
0
1
17
0
0
30
0
42
12
10
0
0
0
0
0
0
1
0
0
0
0
0
9
0
59
2
0
134
0
0
0
0
0
0
34
0
10
0
0
1
0
0
2143
0
0
0
0
16
5
0
0
0
0
0
0
0
0
0
0
0
0
0
6
0
3
5
34
50
0
0
0
0
0
0
14
61
0
0
0
0
0
0
0
0
7
0
0
0
0
0
0
0
14
0
0
30
0
1
0
0
0
0
0
0
0
0
0
0
0
1
0
0
0
0
62
1
0
0
0
53
1
0
23
25
0
0
0
0
0
0
0
0
0
10
0
0
38
10
0
0
26
0
6
0
0
67
1
2
0
2
0
0
0
0
0
0
0
0
0
46
26
0
26
0
0
0
0
8
0
0
0
0
0
0
24
0
0
2
9
86
5
0
0
0
0
0
0
0
0
0
2
0
0
0
3
0
0
0
0
0
0
0
0
0
0
0
0
0
0
0
0
0
0
0
0
0
0
0
0
0
0
0
1278
0
0
0
9
0
0
14
0
0
0
0
0
0
6
0
0
46
75
0
0
0
0
0
0
0
0
83
0
0
0
0
36
0
0
51
35
0
30
2
0
0
0
0
0
0
0
0
3
23
0
0
0
0
0
40
0
0
0
0
0
0
0
0
8
12
0
0
0
0
0
0
0
0
0
2
17
0
0
0
2
0
0
0
0
0
31
3
0
0
0
0
0
1
0
0
0
0
0
7
0
0
0
0
0
0
8
0
58
6
0
0
0
0
0
0
0
25
0
0
0
0
0
0
0
30
249
32
22
0
0
0
0
0
23
0
0
6
0
5
0
27
0
0
57
8
16
0
0
0
59
0
0
0
0
4
0
2
40
0
0
0
4
0
0
83
0
1
0
0
0
0
8
2215
0
0
0
984
34
0
6
0
0
0
0
0
0
14
3
0
0
118
0
0
8
0
0
12
0
0
9
2
0
0
29
0
0
0
0
0
0
1
0
0
0
0
0
84
13
0
0
26
11
16
0
0
26
0
0
6
31
0
0
9
0
0
19
0
4
95
1
0
17
0
36
52
0
41
0
1
0
250
0
0
66
37
0
0
0
0
0
0
0
113
0
0
0
0
0
0
0
0
0
0
0
0
0
0
0
0
0
0
0
0
0
0
0
0
0
0
49
4
0
0
80
0
57
0
0
0
0
39
0
16
0
0
0
0
0
0
0
0
0
0
0
0
0
65
0
0
0
0
31
0
0
0
0
0
0
0
0
11
19
0
0
0
0
0
0
0
0
15
0
0
0
0
0
0
0
0
0
0
0
0
0
0
0
0
0
0
0
0
1
0
0
0
0
15
0
0
22
0
0
0
0
0
0
37
6
0
0
0
1
0
0
14
0
7
0
8
0
0
0
0
0
38
0
0
0
35
0
127
0
15
0
0
0
0
0
0
65
0
3
29
38
73
46
0
12
0
4
2
0
51
4
0
32
141
0
0
0
0
0
97
0
1
0
0
0
0
0
0
0
0
0
0
0
0
0
0
0
0
0
0
7
0
0
0
0
0
0
0
0
0
0
0
0
1
0
0
0
0
0
0
0
0
0
0
0
0
1
0
0
0
0
0
0
5
20
0
0
0
0
0
133
4
0
42
19
0
0
0
0
0
0
0
1
0
20
0
43
0
0
0
0
1
0
0
0
0
0
0
0
0
20
0
95
28
0
55
17
31
2
0
0
21
0
0
0
0
0
1
5
0
1
1
0
0
0
0
0
0
0
152
3132
0
0
0
0
0
0
0
0
0
0
0
0
0
0
9
0
0
0
0
0
0
0
0
0
0
0
0
17
0
0
0
0
8
8
2
11
0
0
0
2
0
10
0
0
0
0
1
1
0
2
0
0
0
0
0
0
2987
0
22
32
0
119
16
0
0
0
0
0
1
1
7
12
0
0
0
105
5
0
2
0
0
0
0
0
23
0
1
24
0
10
0
0
25
1
0
0
0
0
0
0
0
0
0
0
61
0
0
0
0
0
0
0
58
0
0
1
0
7
0
0
0
2
0
0
0
0
0
0
0
166
0
1
0
747
0
0
25
12
81
303
190
9
68
71
29
0
0
218
108
11
0
1
457
0
19
6
0
33
9
0
0
0
3
0
0
0
7
141
0
16
0
0
32
21
39
0
0
0
52
0
0
0
137
0
0
0
0
18
0
0
0
0
0
0
0
0
5
185
24
0
0
0
22
0
20
1
93
0
27
361
137
1
0
6
50
0
1
0
0
0
11
0
0
0
0
0
34
3
9
0
0
0
0
96
0
0
0
0
0
3
13
0
16
0
1
0
0
0
0
0
0
0
0
0
0
0
0
0
0
0
0
0
0
0
0
0
0
0
0
0
0
0
0
0
0
0
0
0
0
0
0
0
0
0
0
0
0
0
0
0
0
0
0
0
0
0
0
0
0
0
0
0
0
0
0
0
0
0
0
0
0
3
0
0
0
0
0
0
25
73
20
31
0
1
0
14
0
0
0
0
0
0
23
0
0
0
3
0
0
1
0
0
0
0
0
0
5
0
0
251
0
0
197
5
0
201
27
0
0
0
134
10
0
0
0
0
0
0
66
0
1
12
0
32
54
0
0
0
1
3
0
0
15
0
0
26
6
107
4
4
0
0
0
5
0
0
20
4
41
0
0
2
0
0
0
0
0
0
0
0
0
29
24
0
17
1
0
0
0
0
9
44
0
0
0
0
0
0
25
0
0
0
4
0
0
0
0
0
0
0
0
0
0
8
1
0
0
0
0
112
0
0
16
75
0
1
0
0
0
157
136
124
0
0
31
0
0
0
36
2
0
0
1
1
68
0
0
54
0
35
0
9
0
0
125
37
0
124
0
0
0
0
0
0
0
0
8
0
43
4
15
0
1
0
0
41
5
0
0
0
0
0
0
0
0
0
0
0
0
858
0
0
0
0
0
0
7
18
0
12
65
0
0
0
0
0
0
0
0
0
14
7
20
75
32
2
96
0
0
0
0
6
156
6
0
0
0
0
0
0
0
0
0
0
0
0
0
0
0
0
0
82
0
0
0
0
0
0
0
0
9
8
0
0
87
53
0
0
0
0
20
0
0
88
256
0
0
4
0
0
0
0
0
19
0
0
0
0
24
411
102
0
0
0
0
0
0
0
0
0
0
204
6
43
0
0
0
22
0
6
8
0
0
28
41
0
0
2
137
0
0
0
0
0
13
0
27
0
30
3
0
8
0
29
1
29
9
0
0
0
85
15
28
0
59
281
42
0
1
7
0
0
10
18
235
61
6
0
16
0
0
0
0
0
160
1
10
1536
0
4
31
0
1
0
16
0
0
3
0
0
250
0
0
0
5
140
427
125
39
0
0
0
32
30
15
0
11
2
0
0
0
0
107
13
60
0
0
0
0
0
0
53
31
8
0
0
0
0
0
0
0
1
0
0
0
0
0
0
0
209
0
0
0
0
0
0
0
0
0
0
0
0
0
0
0
0
0
0
0
0
73
0
34
12
3
0
288
46
0
0
37
40
26
236
17
0
142
0
0
0
0
0
0
0
0
13
0
78
0
45
123
0
49
447
101
123
0
19
82
0
0
11
0
0
6
0
0
0
0
31
0
23
26
0
8
0
10
206
0
108
0
0
2
185
28
182
14
0
0
0
0
3
0
0
0
0
0
0
0
0
0
0
0
0
0
0
0
0
0
0
0
0
0
0
0
37
0
0
0
0
0
0
0
0
54
0
0
0
0
9
1
0
0
0
0
0
0
0
0
9
0
0
35
0
0
0
0
0
0
0
0
0
0
0
0
0
37
10
0
0
105
0
0
0
0
0
0
27
0
0
0
0
0
0
0
0
0
0
0
0
9
0
0
14
0
0
0
18
0
11
0
0
0
0
284
101
2
0
18
0
0
150
0
0
159
0
0
19
0
67
0
0
0
0
0
0
0
0
4
0
0
184
0
0
0
0
0
1
0
25
0
0
0
0
0
0
0
0
0
0
0
0
0
0
0
0
0
0
0
0
0
0
0
0
0
0
0
23
0
0
0
23
0
0
0
0
0
0
0
0
0
0
0
386
0
122
1
0
154
35
2
478
0
0
0
0
0
0
8
0
0
0
0
0
0
2
0
0
37
0
20
30
26
0
45
9
0
43
0
0
0
0
0
0
1
17
0
18
3
6
0
0
0
73
31
0
0
0
0
0
0
0
25
0
0
0
0
0
574
3
45
3
200
174
188
0
0
0
0
0
0
102
0
0
0
0
0
0
0
200
16
79
1
79
118
255
178
25
16
1
32
452
0
0
60
0
7
0
87
0
7
0
0
0
0
131
0
0
0
0
0
5
0
0
0
178
28
0
33
102
7
0
0
0
0
5
0
0
0
0
9
0
0
0
0
113
0
0
0
0
0
0
0
0
0
0
0
0
0
0
0
36
4
64
0
0
0
0
0
0
0
0
0
0
0
0
161
3
9
0
1467
0
0
0
0
9
0
2013
97
0
0
10
0
0
18
12
148
11
0
0
0
0
0
131
0
0
0
0
0
0
24
0
0
29
0
0
0
0
491
0
0
0
0
0
308
19
88
21
0
73
1
55
12
50
4
0
55
4
0
0
0
0
0
0
0
0
2
0
0
23
3
0
0
0
0
43
215
4
10
0
0
0
0
26
0
0
0
0
0
0
0
0
0
0
0
0
0
0
0
0
0
0
0
0
45
563
0
0
0
212
54
1
44
5
0
4
3
20
26
7
38
0
0
0
68
20
96
198
0
39
40
0
94
0
46
0
0
0
0
0
0
0
30
0
0
0
0
0
2
18
11
0
20
0
0
0
51
0
0
0
0
0
0
0
0
0
0
0
0
0
0
1
72
1
1
0
0
45
0
0
43
0
0
0
27
0
0
0
111
13
0
0
0
3
0
0
0
0
0
0
0
0
111
0
0
0
1
0
0
1
0
0
0
0
9
7
8
6
0
0
10
0
18
0
0
9
0
197
0
0
109
0
6
0
0
73
0
0
4
21
54
0
0
40
0
0
11
35
0
7
0
12
0
0
0
73
0
1
0
0
0
0
0
0
9
0
0
0
42
12
3
0
2
0
8
7
69
0
0
0
7
1
0
0
11
0
0
0
0
0
0
0
0
12
0
0
0
0
6
0
0
0
0
0
0
0
0
0
0
0
0
0
0
0
0
0
0
0
0
0
66
0
0
36
2
108
0
0
16
14
44
76
0
0
0
0
0
0
0
0
0
0
0
0
0
0
0
0
24
0
5
0
1
1
0
0
22
0
0
0
286
0
42
0
73
0
0
14
3
201
0
0
80
69
451
0
0
1
0
40
48
0
69
32
0
0
0
34
11
0
33
6
0
136
5
0
55
0
0
0
0
0
431
111
19
0
0
0
0
0
0
1
47
6
0
0
532
17
0
77
403
11
45
161
191
155
433
7
83
87
0
37
1
974
304
248
0
21
0
0
0
0
8
0
0
0
0
1
0
0
0
0
0
4
0
0
0
0
219
9
0
0
28
9
0
0
26
0
0
0
14
9
0
0
0
14
0
0
0
0
0
5
0
6
0
0
0
12
0
0
15
0
0
0
0
0
33
0
0
0
0
0
0
0
0
0
0
0
0
0
0
0
0
6
21
0
0
5
0
33
60
0
12
63
7
0
23
0
0
0
0
0
0
0
0
0
0
0
0
0
3
0
18
0
0
0
0
22
26
0
0
0
0
0
0
0
0
2
0
0
0
0
132
0
23
0
13
0
0
221
0
18
0
0
0
0
0
0
0
0
0
0
0
0
0
0
6
4
20
0
13
16
0
0
0
0
0
0
0
0
0
0
0
0
0
0
0
0
0
366
102
0
15
2
0
0
37
159
3
0
0
0
206
6
2593
0
0
364
518
91
34
0
0
0
1
0
0
0
2
94
31
5
0
0
2
0
98
0
0
0
0
0
0
0
0
0
0
0
0
0
0
0
0
0
0
0
0
0
0
0
0
34
0
0
17
0
0
0
43
0
136
20
0
0
30
0
0
0
0
0
0
0
1
2
0
62
0
0
0
0
0
39
0
0
0
0
7
0
44
1
19
0
0
0
1
0
69
0
0
6
9
0
0
0
51
62
0
0
36
184
126
61
6
3
0
12
0
24
0
16
2
102
0
1
0
0
15
0
24
0
212
0
0
0
0
0
0
0
0
0
0
1
0
0
0
0
0
0
0
0
0
0
0
0
0
0
0
0
0
0
0
86
0
0
0
0
0
27
33
0
0
0
0
0
0
0
0
85
39
0
47
47
202
0
75
28
201
0
0
0
20
0
7
34
0
0
0
0
0
0
0
0
0
0
51
0
11
6
0
0
0
94
0
0
8
0
0
36
0
0
0
0
79
0
0
0
0
0
0
0
0
44
0
20
0
0
0
0
0
0
0
21
0
0
0
57
0
0
0
0
7
0
0
0
0
27
0
0
138
0
0
0
0
0
0
0
0
0
0
16
0
0
0
0
201
0
0
0
0
0
0
0
0
0
0
20
0
0
0
0
0
0
0
0
0
0
3
0
0
0
0
0
0
0
0
0
0
0
0
0
0
0
0
0
0
0
0
0
0
0
0
0
0
0
0
0
0
0
0
0
0
0
0
0
0
0
0
0
0
0
0
8
0
0
0
0
0
0
0
2369
378
0
72
0
0
15
0
35
145
611
6
0
2
0
111
479
0
0
0
27
0
0
0
0
5
0
3
66
1
10
0
0
0
0
0
0
0
74
0
0
6
3
0
99
12
4
0
0
0
0
8
0
0
8
0
121
0
0
0
0
0
17
6
0
0
0
15
0
0
104
0
0
0
0
2
7
66
0
0
0
5
45
50
25
9
0
7
51
0
0
0
46
0
0
34
105
31
53
5
93
0
0
0
2
20
23
0
16
0
0
0
0
0
0
0
0
0
0
0
0
0
0
0
0
1
103
26
1
0
0
0
8
93
0
0
0
0
10
0
0
0
0
0
14
66
0
0
0
0
0
0
0
0
73
0
0
0
0
0
4
0
0
0
80
32
248
61
0
23
0
0
0
0
0
0
0
97
51
0
0
122
0
61
0
0
42
11
37
129
0
0
0
0
0
0
0
46
0
0
0
0
0
0
63
28
0
0
0
42
71
0
0
0
0
0
0
0
0
0
1
0
0
0
0
0
0
9
0
0
0
0
0
44
59
40
0
0
0
0
0
49
0
0
0
0
0
0
0
7
8
21
0
0
24
0
0
0
0
0
1
0
0
50
0
246
127
3
0
0
0
0
0
0
101
1
0
0
0
51
0
75
1
0
1
83
0
0
0
0
0
0
0
0
0
5
0
12
0
0
0
0
34
0
1
1
0
0
0
41
1
0
6
0
0
0
0
1
46
4
363
42
0
0
24
36
28
0
3
2
0
26
11
2
0
0
0
0
0
30
0
14
6
0
18
0
0
0
0
0
0
5
0
0
0
5
0
0
1
0
0
0
0
0
15
12
0
0
0
0
0
0
0
0
0
0
0
0
0
0
0
0
0
0
0
0
0
0
0
0
0
3
0
0
0
0
0
0
0
0
0
0
0
0
0
0
0
0
0
0
0
0
0
0
0
0
0
0
0
0
0
0
0
12
0
0
0
0
0
0
0
0
0
0
0
0
0
0
0
0
0
0
2
0
0
8
0
0
0
0
0
0
0
43
0
0
92
0
0
0
0
0
87
0
0
0
0
11
43
41
0
0
0
0
9
0
0
0
0
0
35
290
0
0
81
15
21
30
49
26
39
0
0
6
0
1
57
108
0
0
0
30
8
0
0
7
0
0
0
0
0
12
14869
128
50
0
20
0
0
77
175
0
0
47
1
0
0
0
22
18
0
0
0
0
16
119
10
32
0
12
61
7
0
0
0
0
0
0
5
0
4
41
0
17
0
0
9
2
0
0
315
0
0
0
0
0
0
0
0
0
5
0
0
83
0
3
0
16
59
1
22
27
0
0
72
0
54
0
0
0
0
0
33
5
44
0
0
0
0
0
0
22
0
0
0
56
65
0
0
6
0
1
12
0
33
12
7
0
0
0
2
47
0
24
101
186
7
0
8
0
0
0
3
0
336
47
0
17
87
15
0
155
8
0
0
7
3
30
34
0
0
6
0
0
0
0
0
0
0
0
0
0
0
0
0
0
0
0
0
0
0
51
0
0
0
0
0
0
0
0
0
0
38
0
3
0
0
0
0
2
0
0
0
0
248
5
0
0
0
0
0
0
0
0
0
0
4
197
28
0
0
0
0
0
0
0
20
1
0
0
0
0
29
10
34
16
1
0
0
0
0
4
0
0
0
0
0
0
0
0
0
0
0
0
0
0
0
0
0
188
0
4
9
0
0
35
0
0
0
0
0
0
5
0
0
0
21
0
0
0
0
0
0
3
0
0
0
0
0
0
0
0
0
0
0
0
115
143
6
1
0
0
0
0
92
197
0
150
439
200
12
9
736
54
94
0
15
27
0
0
14
0
70
0
0
0
54
29
20
0
0
0
0
0
0
0
0
0
0
0
0
45
0
3
0
0
0
0
0
0
0
0
8
0
0
0
0
0
0
0
0
0
0
0
0
0
0
0
0
0
0
0
0
0
0
0
0
0
0
0
0
0
213
0
0
0
0
0
0
0
0
0
0
0
0
0
0
0
0
0
0
0
0
0
0
0
0
0
0
0
0
0
0
0
0
0
0
0
0
0
0
0
0
0
0
0
0
0
0
0
0
0
0
0
0
0
0
0
0
0
0
0
0
0
0
0
0
0
0
0
0
0
0
0
0
0
0
0
0
0
0
0
0
0
0
0
0
0
0
0
0
0
0
0
0
0
0
0
0
0
0
0
0
0
0
0
75
6
35
0
0
0
17
0
0
292
0
0
31
6
0
0
0
39
0
0
15
1
0
0
0
0
40
0
88
0
0
0
0
0
0
0
0
0
77
0
0
0
0
20
0
0
20
140
0
0
0
20
128
214
245
62
0
0
0
4
0
17
590
19
0
0
0
18
11
42
12
0
10
2
1
0
354
48
0
0
0
0
5
16
12
0
66
0
0
0
0
0
0
0
0
0
0
0
0
0
0
0
0
0
0
0
0
0
0
0
0
0
0
67
23
0
0
0
0
0
0
0
0
0
0
26
0
2
0
0
1
0
0
0
2210
4
0
664
15
0
23
0
0
0
0
0
0
6
23
0
0
0
0
0
0
0
0
0
0
0
0
0
0
0
9
0
16
0
0
22
0
0
5
45
74
0
0
0
20
0
5
2
0
0
0
0
0
1
0
20
0
0
0
0
0
0
0
4
0
0
0
10
456
0
0
0
0
10
0
0
0
0
5
0
27
11
0
15
0
19
0
0
0
0
0
0
0
104
0
0
0
61
72
0
0
0
0
0
0
0
0
0
0
0
0
0
0
130
0
0
0
9
0
0
1
0
9
0
0
0
0
0
0
0
0
0
0
218
0
28
18
2
2
16
90
36
0
0
0
0
0
0
0
0
0
0
0
0
0
0
0
0
0
0
5
0
0
0
0
0
0
0
0
0
0
0
0
0
0
0
0
0
0
0
0
0
16
0
0
0
0
0
0
0
0
0
0
0
0
0
6
0
3
0
0
0
0
0
0
0
0
0
0
0
0
0
0
0
0
0
0
0
0
0
0
0
0
0
0
0
0
0
0
0
0
0
0
0
0
0
0
0
0
0
0
0
0
0
22
98
0
0
0
0
0
0
0
0
0
0
0
0
0
0
0
0
0
0
0
0
0
0
0
0
0
0
0
0
0
0
0
0
0
0
0
0
0
0
0
0
0
0
0
0
0
0
0
0
0
15
0
0
1
0
0
0
0
0
0
0
0
0
0
5
0
0
0
3
0
13
0
15
0
0
0
0
0
0
0
0
0
0
0
0
0
0
0
0
0
0
0
0
0
8
0
0
0
0
0
0
0
0
0
0
0
0
0
0
0
0
0
0
0
0
0
0
0
0
0
0
0
0
0
0
0
0
0
0
0
0
0
0
0
0
0
0
0
0
0
0
0
0
0
0
0
0
0
0
2
0
0
0
0
0
0
0
0
0
0
0
0
0
0
0
0
0
0
0
0
0
0
0
0
0
0
0
23
18
0
0
0
0
0
0
0
0
0
0
0
0
0
0
0
0
0
0
0
0
0
0
0
0
0
0
0
0
0
0
0
0
0
0
0
0
0
0
0
0
0
0
0
0
0
0
0
0
0
0
0
0
0
0
0
0
0
0
0
0
0
0
0
0
0
0
0
0
7
0
0
0
0
0
0
0
0
0
0
0
0
0
0
0
0
0
1
0
0
0
0
0
0
0
0
0
0
0
0
0
0
5
0
0
0
0
0
0
0
8
0
0
0
0
0
0
0
0
0
0
4
0
0
0
0
0
24
0
0
0
0
0
0
0
0
0
4
0
0
0
0
0
0
0
0
0
0
0
0
0
0
12
0
0
0
0
0
0
0
0
29
0
0
0
0
0
0
0
0
0
0
0
0
0
0
0
1
5
0
0
0
0
0
0
0
0
0
0
0
0
0
0
0
0
0
0
0
0
0
2
3
0
0
0
0
0
0
0
0
0
0
0
0
0
0
0
0
0
6
0
0
0
0
0
0
0
34
0
0
0
0
0
0
0
0
0
0
0
31
0
0
10
0
0
0
0
0
0
0
1
0
0
0
0
0
0
0
0
0
0
0
0
0
0
0
0
0
0
0
0
0
0
0
0
0
0
0
5
0
0
0
0
0
0
0
0
0
0
0
0
0
0
0
0
0
0
0
0
0
0
0
0
0
0
0
0
0
0
0
0
0
0
0
0
0
0
0
0
0
0
0
0
0
0
0
0
0
0
0
0
0
0
0
0
0
0
0
0
0
0
0
0
0
0
3
0
0
0
0
0
0
0
0
0
0
0
0
0
10
0
0
0
0
0
0
0
0
0
0
0
0
0
0
0
0
0
0
0
0
0
0
0
0
0
0
0
0
0
0
0
0
0
0
0
0
0
0
0
0
0
0
0
0
0
0
0
0
0
14
0
0
70
19
0
10
37
0
0
1
0
0
0
0
0
14
0
0
0
0
0
0
5
0
89
276
0
380
8
0
107
49
16
1
0
1
0
14
6
0
90
4
10
0
0
0
0
0
0
15
0
0
0
0
3
0
0
0
0
0
6
0
0
0
0
0
0
0
0
0
0
0
0
0
1
0
0
0
0
0
0
0
0
0
0
0
167
0
0
0
0
0
9
0
0
0
0
0
0
0
0
0
0
0
34
0
0
20
0
0
0
0
0
0
3
0
0
0
0
0
0
0
0
0
0
0
0
0
0
0
1
0
0
0
0
0
2
0
0
0
0
0
0
0
0
8
0
0
0
0
0
0
0
0
0
0
0
0
0
0
0
0
0
0
0
0
0
0
0
0
0
0
2
0
0
0
0
0
0
0
0
0
0
5
11
0
3
0
0
0
0
0
0
0
0
0
0
0
0
0
0
0
0
0
0
0
0
0
0
0
0
0
0
0
0
0
0
0
0
0
0
0
0
0
0
0
7
0
0
0
0
0
0
0
0
0
1
0
0
0
0
0
0
0
0
0
0
6
0
0
0
0
0
0
0
0
0
19
0
0
1
0
0
0
0
0
0
0
0
0
0
0
0
0
0
0
0
4
0
0
0
0
0
0
0
0
0
0
0
0
0
0
0
0
0
0
0
0
0
0
0
0
0
0
0
0
0
0
0
0
0
0
0
10
0
0
0
0
0
0
0
0
0
0
0
0
0
0
0
0
0
0
0
0
1
0
6
0
0
0
0
0
0
0
0
0
0
0
0
0
31
0
0
0
72
0
0
0
0
0
0
1
0
0
0
0
7
0
0
0
0
0
32
0
0
0
19
0
0
0
0
0
0
0
0
12
0
0
0
0
0
0
0
0
1
0
0
0
0
0
6
0
0
0
0
0
0
0
0
0
0
0
0
0
0
0
0
0
1
0
0
0
0
0
0
0
0
0
14
0
0
0
0
0
0
0
0
0
0
18
0
0
0
0
3
0
0
0
0
1
1
0
1
0
0
0
0
0
0
0
0
0
0
0
1
0
0
0
1
0
0
0
0
0
0
0
0
0
0
0
0
1
0
0
0
0
0
0
0
0
0
0
0
0
0
0
0
0
0
0
0
0
0
2
0
0
0
0
1
0
0
0
0
0
0
0
0
0
0
0
0
0
3
0
0
0
0
0
0
0
0
0
0
0
0
2
0
20
0
0
0
0
0
0
0
0
0
0
0
0
0
0
0
0
0
0
0
0
0
0
0
0
0
0
0
0
0
0
0
0
0
0
25
0
0
0
0
0
0
0
0
0
0
0
0
0
0
0
0
0
0
0
0
1
0
0
0
0
0
0
0
0
0
0
0
0
0
0
0
0
0
0
0
0
0
0
0
0
0
0
0
0
0
0
0
0
0
0
0
0
39
0
0
15
0
0
0
0
0
0
0
0
0
0
0
0
0
0
0
0
0
0
0
0
0
0
0
0
0
0
0
0
0
0
8
0
0
0
0
0
0
8
0
0
0
0
0
0
0
0
0
0
4
0
0
0
0
0
0
0
0
0
0
0
0
0
1
0
0
0
0
0
0
0
0
0
0
1
0
4
0
0
0
0
0
0
0
0
0
0
0
0
0
1
0
0
0
0
0
1
9
0
0
0
0
0
0
0
0
0
0
0
0
0
0
0
0
0
0
0
0
0
0
0
0
0
0
0
1
0
0
0
0
0
0
0
0
0
0
23
0
0
0
0
0
60
0
0
0
0
0
0
0
0
0
0
0
0
0
0
0
0
0
0
0
1
0
0
0
0
0
0
0
0
0
0
0
0
0
0
0
0
0
0
0
0
0
0
0
0
0
0
0
0
0
0
0
0
0
0
0
0
0
0
0
0
0
0
0
0
0
0
0
0
0
0
0
0
0
0
0
0
0
0
0
0
0
0
0
0
0
0
0
0
0
0
0
0
0
0
0
7
0
0
2
0
0
0
0
0
0
0
0
0
0
0
0
0
0
0
0
0
0
0
0
0
0
0
0
0
0
0
0
0
0
28
0
0
0
0
0
0
0
0
0
0
0
0
0
0
0
0
0
0
0
0
0
0
0
0
0
0
0
0
0
0
0
0
0
0
0
0
0
0
0
0
0
0
0
0
0
0
0
0
0
0
0
9
0
0
10
0
0
0
0
0
0
0
6
0
0
0
0
0
0
0
0
0
0
0
0
0
0
0
0
0
0
0
0
0
0
3
0
0
0
0
0
0
0
0
0
0
0
0
0
0
0
0
8
0
0
0
0
0
0
0
4
0
0
0
0
0
0
0
0
0
0
0
0
0
0
0
0
0
0
0
0
0
0
0
0
0
0
0
0
0
0
0
0
0
0
0
0
0
0
0
0
0
0
0
0
0
0
0
0
0
0
0
0
0
0
1
0
0
0
0
0
0
0
0
0
0
0
0
0
0
39
6
0
0
0
0
0
0
0
0
0
0
0
0
0
0
0
0
0
0
0
0
4
0
0
0
0
0
0
0
0
0
0
0
0
0
0
0
0
0
0
0
0
0
0
0
3
0
0
0
0
0
0
2
0
0
0
31
0
0
0
0
0
0
0
0
0
0
0
0
0
0
0
0
0
0
0
0
0
0
13
0
0
0
0
0
0
0
0
0
0
0
0
0
0
0
0
0
0
0
0
0
0
0
0
0
0
0
0
0
0
0
0
0
0
0
0
0
0
0
0
0
0
0
0
0
0
2
0
0
0
0
0
0
0
0
61
0
0
0
0
0
3
0
0
0
0
0
0
0
0
0
0
0
0
0
0
0
0
0
15
0
0
0
0
10
0
0
0
0
0
0
0
0
0
0
0
0
0
0
0
6
0
0
0
0
0
0
0
1
6
0
0
0
0
0
1
0
0
0
0
0
0
1
0
0
0
0
0
0
0
0
0
26
0
17
0
0
0
0
0
0
0
0
0
0
0
0
0
0
0
0
0
0
0
0
0
0
0
0
0
0
0
0
0
0
1
0
0
0
0
0
0
0
0
0
0
0
0
0
0
8
0
0
0
0
0
0
0
0
0
0
3
0
0
0
1
0
0
0
0
0
0
0
0
0
0
0
0
0
0
1
0
0
0
0
0
0
0
0
0
0
0
0
6
0
0
0
0
0
0
0
0
0
0
0
0
0
0
0
8
4
0
52
1
0
0
0
0
0
0
0
0
0
11
0
8
0
0
0
0
0
0
0
0
0
1
0
1
0
0
1
0
0
0
0
0
2
0
9
0
0
0
0
1
0
0
0
0
0
0
0
0
0
0
0
0
0
0
0
0
7
27
0
0
0
0
60
0
0
0
0
0
0
0
0
0
0
0
0
0
0
0
0
0
5
5
0
0
0
0
0
0
0
0
0
0
0
0
0
0
0
0
0
0
0
0
0
0
0
0
0
0
0
0
0
0
0
0
1
0
0
8
4
8
0
0
0
0
0
0
0
0
0
1
0
2
0
0
0
0
0
0
0
0
0
0
0
0
0
0
0
0
3
0
7
0
0
0
0
0
0
0
2
0
0
20
0
0
0
0
0
0
0
22
0
0
0
0
0
7
1
16
0
0
0
0
0
0
0
0
0
1
0
1
0
0
0
0
0
9
0
1
0
6
0
0
0
0
0
0
0
0
0
0
0
0
0
0
0
0
0
0
0
0
11
0
24
1
0
0
0
0
0
3
0
0
0
0
0
0
0
0
0
0
0
0
0
25
21
40
15
15
18
0
0
0
0
12
17
0
0
0
0
0
0
4
0
0
0
0
0
0
0
0
0
0
0
0
0
16
0
0
0
0
19
0
0
22
0
0
0
0
0
18
0
0
0
0
0
15
0
0
0
0
35
0
121
2
28
0
0
0
1
0
0
21
0
17
0
0
0
0
0
1
0
0
0
28
14
4
0
0
0
0
0
0
0
0
5
1
0
2
0
0
0
1
3
0
0
0
0
0
2
14
0
0
2
57
0
0
0
0
0
0
0
179
0
241
0
0
0
0
0
0
0
0
0
0
0
0
289
0
173
0
34
0
0
0
0
0
21
72
0
0
7
0
0
0
0
0
5
0
0
0
0
1
9
0
0
56
11
0
0
189
91
97
0
5
169
0
196
208
130
23
22
85
49
0
0
0
2
130
6
0
0
1
0
0
0
0
79
0
40
0
0
0
0
2
66
35
0
2
112
0
0
7
0
7
0
31
80
0
0
0
18
0
0
0
0
0
0
0
0
0
0
0
0
0
0
67
7
0
0
0
0
1
0
26
0
0
0
0
0
50
10
0
14
0
53
72
139
0
51
0
42
0
19
0
0
0
0
0
0
0
0
83
0
0
0
0
0
0
0
30
0
0
0
0
0
0
1
0
2
0
0
92
129
18
116
0
0
191
109
0
2
0
0
0
1
0
0
0
33
0
95
2
0
17
0
0
0
0
24
310
0
13
0
0
0
0
0
0
60
0
0
0
0
15
22
0
0
0
0
0
0
0
0
0
0
0
0
0
0
0
0
1
0
0
0
0
0
0
0
0
0
186
21
30
72
29
48
0
0
1292
0
0
343
0
0
0
0
8
0
0
41
0
0
34
122
0
0
6
0
0
12
0
0
180
36
14
0
14
0
0
0
0
0
45
0
29
1355
148
36
44
0
0
9
0
37
0
0
12
3
0
0
0
2
60
0
0
0
0
1
9
0
0
0
7
13
0
5
13
26
0
0
9
0
0
0
3
49
104
71
12
33
0
0
0
0
0
0
47
0
0
162
0
4
0
0
0
15
15
2
0
0
28
0
300
77
0
0
0
0
0
0
0
0
0
44
2
0
37
27
9
31
14
0
10
0
0
0
0
22
8
28
0
0
0
10
0
0
0
0
0
0
84
8
161
0
86
4
0
0
0
0
0
0
213
0
20
109
8
0
0
0
1
7
31
0
20
1
0
0
43
0
0
10
7
0
0
0
7
0
0
25
0
1
0
0
0
0
0
0
0
0
0
0
0
57
0
4
0
3
0
0
0
0
0
0
0
24
0
0
0
0
29
167
203
73
84
0
2
144
234
181
0
0
0
18
113
0
0
25
140
0
0
32
3
8
3
87
0
0
0
0
93
0
23
18
9
98
137
46
10
0
0
0
0
159
93
0
61
3
0
155
116
15
0
19
12
31
0
73
0
21
24
16
175
17
31
171
37
25
31
0
20
163
105
0
22
49
0
170
0
75
0
0
21
0
0
0
0
18
63
0
0
0
0
0
0
0
3
0
0
0
0
0
0
0
0
1
0
0
0
0
83
0
9
0
0
0
0
0
37
1
0
0
197
0
0
108
0
0
8
0
388
0
0
71
0
0
9
0
15
0
8
0
0
0
0
0
0
0
101
7
0
0
15
9
0
19
25
12
0
0
0
22
11
0
0
0
258
17
9
0
0
1
9
0
0
0
0
186
52
0
0
17
20
0
131
0
0
0
40
0
0
0
9
0
106
0
0
5
0
0
0
0
0
0
0
0
0
0
0
0
0
0
0
0
0
0
0
0
0
0
0
57
0
55
0
0
11
4
0
16
0
0
0
99
0
0
16
12
0
0
0
0
0
0
4
29
106
68
0
0
0
0
0
0
340
0
130
4
0
0
0
0
110
0
0
1
13
44
0
0
0
0
19
0
0
48
0
0
0
0
0
0
5
0
0
0
0
0
0
0
0
0
0
0
0
0
0
0
0
0
0
0
0
0
0
0
0
0
0
0
0
0
0
0
0
0
0
0
0
0
0
0
0
0
0
0
0
0
0
0
0
0
0
0
0
0
0
0
0
0
0
0
0
0
0
0
0
0
0
0
0
0
0
0
0
0
0
0
0
0
0
0
0
0
0
0
0
0
0
0
0
0
0
0
0
0
0
0
0
0
0
0
0
0
0
0
0
0
0
0
0
0
0
0
1
0
0
0
0
0
0
0
0
0
0
0
0
0
0
0
0
0
0
0
0
0
0
0
0
0
0
0
0
0
0
0
0
0
0
0
0
0
0
0
0
0
3
0
0
0
0
0
0
0
0
0
0
0
0
0
0
0
0
0
0
0
0
0
0
0
0
0
0
0
0
0
0
0
0
0
0
0
0
0
0
0
0
0
0
0
0
0
0
0
0
0
0
0
0
0
0
0
0
0
0
0
0
0
0
0
0
0
0
0
0
0
0
0
0
0
0
0
0
0
0
0
0
0
0
0
0
0
0
0
0
0
0
0
0
0
0
0
0
0
0
0
0
0
0
0
0
0
0
0
0
0
0
0
0
0
0
0
0
0
0
0
0
0
0
0
0
0
0
0
0
0
0
0
0
0
0
0
0
0
0
0
0
0
0
0
0
0
0
0
0
0
0
0
0
1
0
0
0
0
0
0
0
0
0
0
0
0
0
0
0
0
0
0
0
0
0
0
0
0
0
0
0
0
0
0
0
0
0
0
0
0
0
0
0
0
0
0
0
0
0
0
0
0
0
0
0
0
0
0
0
0
0
0
0
0
0
0
0
0
0
0
0
0
0
0
0
0
0
0
0
0
0
0
0
0
0
0
0
0
0
0
0
0
0
0
0
0
0
0
1
0
0
0
0
0
0
0
0
0
0
0
0
0
0
0
0
0
0
0
0
0
0
0
0
0
0
0
0
0
0
0
0
0
0
0
0
0
0
0
0
0
0
0
3
0
0
0
0
0
0
0
0
0
0
0
0
0
0
0
0
0
0
0
0
0
0
0
0
0
0
0
0
4
0
0
0
0
0
0
0
0
0
0
0
0
0
0
0
0
0
0
0
0
0
0
0
0
0
0
0
0
0
0
0
0
0
0
0
0
0
0
0
0
0
0
0
0
0
0
0
0
0
0
0
0
0
0
0
0
0
1
0
0
0
0
0
0
2
0
0
0
0
0
0
0
0
0
0
0
0
0
0
0
0
0
0
0
0
0
0
0
0
0
0
0
0
0
0
0
0
0
0
0
0
0
0
0
0
0
0
0
0
0
0
0
0
0
0
0
0
0
0
0
0
0
0
0
0
0
0
0
0
0
0
0
0
0
0
0
0
0
0
0
0
0
0
0
0
0
0
0
0
0
0
0
0
0
0
0
0
0
0
0
0
0
0
0
0
0
0
0
0
0
0
0
0
0
0
0
0
0
0
0
0
0
0
0
0
11
0
0
0
0
0
0
0
0
0
0
0
0
0
0
0
0
0
0
0
0
0
0
0
0
0
0
0
0
0
0
0
0
0
0
0
0
0
0
6
0
0
0
0
0
0
0
0
0
0
0
0
0
0
0
0
0
0
0
0
0
0
0
0
0
0
0
0
0
0
0
0
0
0
0
0
0
0
0
0
0
0
0
0
0
0
0
0
0
0
0
0
0
0
0
0
0
0
0
0
0
0
0
0
0
0
0
0
0
0
0
0
0
0
0
0
0
0
0
0
0
0
0
0
0
0
0
0
0
0
0
0
0
0
0
0
0
0
0
0
0
0
0
0
0
0
0
0
0
0
0
0
0
0
0
0
0
0
0
0
0
0
0
0
0
0
0
0
0
0
0
0
0
0
0
0
0
0
0
0
0
0
0
0
0
0
0
0
0
0
0
0
0
0
0
0
0
0
0
0
0
0
0
0
0
0
0
0
1
0
0
0
0
0
0
0
0
0
0
0
0
0
0
0
0
0
0
0
0
0
0
0
0
0
0
0
0
0
0
0
0
0
0
0
0
0
0
0
0
0
0
0
0
0
0
0
0
0
0
0
0
0
0
0
0
0
0
0
0
0
0
0
0
0
0
0
0
0
0
0
0
0
0
0
0
0
0
0
0
0
0
0
0
0
0
0
0
0
0
0
0
0
0
0
0
0
0
0
0
0
0
0
0
0
0
0
0
0
0
0
0
0
0
0
0
0
0
0
0
0
0
0
0
0
0
0
0
1
0
0
0
0
0
0
0
0
0
0
0
0
0
0
0
0
0
0
0
0
0
0
0
0
0
0
0
0
0
0
0
0
0
0
0
0
0
0
0
0
0
0
0
0
0
0
0
0
0
0
0
0
0
0
0
0
0
0
0
0
0
0
0
0
0
0
0
0
0
0
0
0
0
0
0
0
0
0
0
0
0
0
0
0
0
0
0
0
0
0
0
0
0
0
0
0
0
0
0
0
0
0
0
0
0
0
0
0
0
0
0
0
0
0
0
0
0
0
0
0
0
0
0
0
0
0
0
0
0
0
0
0
0
0
0
0
0
0
0
0
0
2
0
0
0
0
0
0
0
0
0
0
0
0
0
0
0
0
0
0
0
0
0
0
0
0
0
0
0
0
0
0
0
0
0
0
0
0
0
0
0
0
0
0
0
0
0
0
0
0
0
0
0
0
0
0
0
0
0
0
0
0
0
0
0
0
0
0
0
0
0
0
0
0
0
0
0
0
0
0
0
0
0
0
0
0
0
0
0
0
0
0
0
0
0
0
0
0
0
0
0
0
0
0
0
0
0
0
0
0
0
0
0
0
0
0
0
0
0
0
0
0
0
0
0
0
0
2
0
0
0
0
0
0
0
0
0
0
0
0
0
0
0
0
0
0
0
0
0
0
0
0
0
0
0
0
0
0
0
0
0
0
0
0
0
0
0
0
0
0
0
0
0
0
0
0
1
0
0
0
0
0
0
0
0
0
0
0
0
0
0
0
0
0
0
0
0
0
0
0
0
0
0
0
0
0
1
0
0
0
0
0
0
0
0
0
0
0
0
0
0
0
0
0
0
0
0
0
0
0
0
0
0
0
0
1
0
0
0
0
0
0
0
0
0
0
0
0
0
0
2
0
0
0
0
0
0
0
0
0
0
0
0
0
0
0
0
0
0
0
0
0
0
0
0
0
2
0
0
0
0
0
0
77
0
0
0
0
0
1
0
0
0
8
0
0
0
0
0
0
0
0
0
0
0
0
20
0
0
0
0
0
0
0
0
0
0
0
0
0
0
0
0
0
0
0
0
0
0
0
0
0
0
2
0
0
17
0
0
3
0
0
0
0
0
0
0
0
0
0
0
0
0
0
0
0
0
0
1
0
0
0
0
0
0
0
0
0
1
0
0
0
0
0
0
0
1
0
0
0
0
1
0
0
0
0
0
0
0
0
0
0
0
0
0
0
0
0
0
0
1
0
0
0
0
0
0
0
0
0
0
0
0
0
0
0
0
0
0
0
0
0
0
0
0
0
0
0
0
0
0
0
0
0
0
0
0
0
0
0
0
0
0
0
0
0
0
0
0
0
0
0
0
0
0
0
0
0
0
0
0
0
0
0
0
0
0
0
0
0
0
0
0
0
0
0
0
0
0
0
0
0
0
0
0
0
0
0
0
0
0
0
0
4
0
0
0
0
0
0
0
0
0
0
0
0
0
0
0
0
0
0
0
0
0
0
0
0
0
0
0
1
0
0
0
0
0
0
0
0
0
0
0
0
0
0
0
0
0
0
0
0
0
0
0
0
0
0
0
49
6
0
81
46
0
5
52
83
6
8
0
17
0
9
10
0
0
0
0
0
0
0
0
0
0
159
212
332
59
41
0
0
17
0
1
16
0
0
0
4
0
0
0
0
0
30
146
19
0
0
0
0
46
28
10
3
0
2
269
0
0
0
0
0
0
0
0
6
24
27
0
0
0
0
0
3
0
1
0
0
0
0
0
0
0
0
0
121
11
0
0
7
0
8
0
0
0
0
15
54
8
5
28
0
2
0
0
13
0
0
68
32
0
0
0
0
0
33
19
37
0
0
51
0
1
0
33
23
7
31
84
0
0
0
0
327
9
0
1
0
0
0
12
0
0
229
0
0
0
76
124
83
59
104
0
35
1
0
18
0
0
0
17
0
0
17
0
0
18
0
76
13
86
0
53
0
3
0
0
0
0
0
0
1
4
146
0
0
0
0
0
0
0
0
0
0
0
9
0
0
0
0
0
0
0
0
0
0
0
0
17
66
586
71
387
78
95
75
85
24
407
576
149
136
6
0
76
200
408
199
129
152
31
49
25
49
320
28
155
321
36
204
43
0
193
42
69
0
59
93
167
223
44
145
42
41
52
202
80
283
51
105
79
75
316
36
90
52
62
91
217
185
86
105
11
111
7
0
44
36
24
0
129
147
64
0
75
22
242
20
158
102
1
389
23
0
0
0
0
0
0
0
0
0
0
0
0
0
0
0
0
0
0
0
0
0
0
125
0
0
0
0
0
0
248
16
7
14
0
18
0
0
0
56
0
0
0
31
44
0
7
0
0
0
0
0
4
0
5
0
0
0
0
0
0
0
0
0
0
0
0
0
0
0
0
0
52
3
0
0
5
16
0
0
6
46
232
0
0
30
72
0
1
18
0
13
11
9
15
27
80
1
37
48
2
0
83
0
0
0
0
7
0
33
63
0
7
18
17
0
27
455
0
0
9
0
0
0
0
0
0
0
17
0
0
58
74
18
1
1519
3
2
0
0
0
0
0
0
0
1
1
0
0
0
59
0
0
0
3
0
13
0
22
0
0
0
0
0
0
0
0
0
9
0
0
0
0
0
107
0
21
0
0
0
0
0
0
33
0
0
1
89
1
9
22
0
0
0
0
0
28
31
0
0
0
52
0
260
0
0
0
0
0
0
7
9
0
0
0
0
0
0
1
0
0
136
0
0
0
31
0
10
0
7
0
0
0
0
0
0
1
0
6
0
0
17
33
0
0
0
0
602
5
0
0
0
0
0
0
0
0
0
0
0
0
0
0
0
0
0
0
1
0
0
4
18
27
0
0
20
0
0
104
0
0
0
0
0
0
0
0
0
0
0
0
0
0
0
0
0
0
0
0
0
0
0
14
0
4
0
0
0
0
108
0
3
0
31
0
39
0
0
58
31
95
50
36
0
5
109
0
94
100
126
129
42
0
4
0
0
0
0
0
0
14
14
13
685
106
7
7
0
0
75
0
34
263
14
0
11
0
0
0
0
12
0
0
0
0
13
1
164
0
0
0
0
262
9
0
0
208
0
0
288
2
0
0
50
26
0
0
150
94
0
1
130
90
0
46
0
0
0
15
0
0
0
67
0
0
0
0
0
0
25
0
0
0
0
4
0
0
0
0
0
0
0
19
41
0
0
0
0
0
0
0
0
0
0
0
0
0
13
0
0
0
0
0
0
0
0
33
0
0
0
0
0
0
115
67
0
0
4
135
5
574
62
0
0
0
6
0
8
0
0
9
6
1
6
0
0
26
46
2066
62
0
23
1
43
32
3
7
0
143
0
0
0
0
0
0
0
0
0
27
19
28
8
0
10
111
0
0
0
0
0
0
0
0
56
0
22
0
0
0
241
67
337
102
588
181
214
190
0
16
291
12
53
208
64
481
46
25
0
50
2
11
0
36
9
171
906
104
0
105
30
42
443
281
190
127
113
42
0
0
0
41
76
107
13
33
38
118
139
39
51
224
0
0
0
0
0
0
0
55
151
0
3
0
83
0
0
16
0
24
6
0
0
26
0
35
0
0
18
0
3
0
23
21
0
142
38
10
305
563
0
12
10
0
0
0
4
0
16
337
0
0
0
9
0
0
0
0
0
0
0
0
0
0
0
0
0
7
0
0
185
0
0
41
0
0
31
24
0
0
3
0
0
0
0
0
6
17
0
0
0
3
133
17
44
0
0
0
42
14
43
0
32
0
0
65
0
0
55
25
0
0
22
0
315
0
0
0
0
0
0
0
5
882
824
0
0
8
0
0
1
0
46
37
1
0
0
27
0
0
328
0
184
10
0
33
0
42
30
35
4
0
0
1
0
0
0
0
0
0
8
6
0
0
52
104
0
72
23
0
0
0
0
0
0
0
0
0
0
0
0
0
0
0
111
0
0
0
0
0
0
0
0
0
0
0
0
0
0
120
0
47
0
97
0
47
22
0
14
0
66
0
0
0
0
100
0
8
1
0
4
0
10
0
85
22
0
0
0
60
0
0
14
16
99
0
269
40
0
0
0
0
0
0
0
1
272
0
247
60
114
18
0
0
0
172
55
261
3
0
7
45
130
13
219
823
20
5
0
0
212
639
5
0
93
434
656
430
9
0
1
0
0
1315
0
0
0
0
0
0
0
0
0
5
0
0
0
0
0
0
0
0
0
0
0
0
0
9
0
0
0
1
0
159
0
0
0
21
0
0
0
0
0
0
0
0
33
0
0
0
0
0
0
0
0
0
0
0
3
0
0
139
285
48
65
0
0
0
0
2
0
0
0
69
28
0
0
0
75
0
0
24
0
0
0
0
0
0
1
0
0
0
51
0
0
0
0
1
0
0
0
0
0
24
53
0
0
0
0
0
0
1
0
0
8
0
0
4
0
20
0
0
0
145
114
327
6
0
48
0
0
0
7
9
0
0
0
0
0
0
0
0
0
75
0
0
22
0
0
0
0
0
0
0
3
0
2
0
0
0
142
1
420
40
165
0
0
116
0
2
74
11
0
0
113
21
0
20
48
0
0
0
0
12
0
0
0
0
92
16
29
0
0
13
0
0
1
0
16
47
0
0
250
0
0
0
0
0
0
11
36
0
0
0
0
0
0
0
20
11
21
173
0
89
2
31
27
512
1
95
6
179
0
0
0
3
0
38
0
82
0
0
0
2
39
143
26
1
11
0
0
25
0
0
0
25
0
10
5
22
0
5
102
0
91
14
65
189
107
177
56
0
0
0
56
16
0
29
89
41
89
50
0
163
80
45
249
1
74
0
0
8
386
72
0
0
10
0
0
0
0
0
0
0
561
0
0
0
0
0
40
0
0
0
0
0
0
0
0
0
0
10
34
0
0
0
0
0
0
16
0
0
0
1
36
2313
30
0
0
0
0
0
0
0
0
0
16
0
0
0
0
0
51
0
0
409
0
94
0
0
0
0
0
0
32
11
0
94
85
5
0
0
0
0
59
0
32
51
19
0
25
0
0
0
0
0
0
0
0
0
0
0
0
1
35
0
0
0
0
0
0
244
47
83
0
122
0
0
0
0
19
0
0
0
0
25
0
0
0
0
0
0
0
0
3
0
0
0
0
0
0
0
0
0
0
0
0
0
0
0
0
0
0
0
0
0
0
0
0
0
0
0
0
0
0
0
0
0
0
0
0
0
0
0
0
0
0
0
0
0
0
0
0
0
0
0
0
0
0
0
0
0
0
0
0
0
0
0
0
0
0
0
0
0
0
0
0
0
0
0
0
0
0
0
0
0
0
0
0
17
0
0
0
0
0
0
0
0
0
0
0
0
0
0
0
0
0
0
0
0
0
0
0
0
0
0
1
0
0
0
0
0
0
0
0
0
0
0
0
0
0
0
0
0
0
0
0
0
0
0
0
0
0
0
0
0
0
0
0
0
0
0
0
0
0
5
0
0
0
0
0
0
0
0
0
0
0
0
0
0
0
0
0
0
0
0
0
0
0
0
0
0
0
0
0
0
0
0
0
0
0
0
0
0
0
0
0
0
0
0
0
0
0
0
0
0
0
0
0
0
0
0
0
0
0
0
0
0
0
0
0
0
0
0
0
0
0
0
0
0
0
0
0
0
0
0
0
0
0
0
0
0
0
0
0
0
0
0
0
0
0
0
0
0
0
0
0
0
0
0
0
0
0
0
0
0
0
0
0
0
0
0
0
0
0
0
0
0
0
0
0
0
0
0
0
0
0
0
0
0
0
0
0
0
0
0
0
0
0
0
0
0
0
0
0
0
0
0
0
0
0
0
0
0
0
0
0
0
0
0
0
0
0
0
0
0
0
0
0
0
0
0
0
0
0
0
0
0
0
0
0
0
0
0
0
0
0
0
0
0
0
0
0
0
0
0
0
0
0
0
0
0
0
0
0
0
0
0
0
0
0
0
0
0
0
0
0
0
0
0
0
0
0
0
0
0
0
0
0
0
0
0
0
0
0
0
0
0
0
0
0
0
0
0
11
0
0
6
0
0
18
35
22
19
0
0
78
580
65
170
0
0
0
0
0
24
35
3
0
22
0
49
62
0
32
604
47
70
0
0
0
0
0
0
0
0
0
262
161
5
10
49
0
0
0
0
0
0
0
0
0
42
0
0
0
584
0
0
26
0
0
0
0
5
0
0
32
0
221
0
0
0
0
0
0
0
0
0
6
114
0
0
0
0
0
15
1
0
11
4
105
0
0
0
0
0
0
0
0
0
0
0
0
0
0
0
0
0
0
1
0
0
0
0
0
0
411
0
363
20
6
242
5
0
0
0
0
0
23
60
0
0
0
0
5
0
0
0
0
0
0
66
1
0
0
0
0
70
0
94
35
59
66
0
0
0
5
10
0
0
5
21
0
1
17
492
34
2
101
29
0
16
0
0
0
0
21
7
0
0
2
0
0
20
0
0
34
0
2
0
0
0
12
0
0
0
0
0
39
6
0
0
11
209
7
34
0
0
0
10
0
7
4
0
0
29
0
0
19
0
21
0
132
0
0
0
0
11
89
163
0
6
76
0
0
0
0
0
13
70
0
0
0
0
0
13
32
0
69
0
0
137
1
0
0
0
0
32
58
0
0
0
0
0
0
0
0
0
0
0
18
0
0
0
0
0
1
0
71
2
2
0
0
0
0
0
0
0
0
0
0
0
1
0
0
0
0
3
63
0
173
1
0
40
0
0
25
0
0
25
0
0
1
0
0
0
0
0
0
0
0
0
0
22
0
0
0
0
0
0
0
0
0
0
0
0
0
0
0
0
0
0
0
0
0
0
0
0
0
0
16
0
0
0
18
0
0
0
0
0
0
0
0
1
0
0
0
0
0
0
0
0
0
0
0
0
0
0
7
0
0
0
0
0
15
0
18
0
0
10
9
57
2
0
0
0
0
329
0
6
57
0
0
21
40
1
0
0
0
0
0
0
3
0
151
0
0
0
0
15
0
8
0
32
185
37
31
0
0
0
144
0
0
12
103
0
0
94
15
0
77
232
55
0
0
92
0
589
2
21
0
4
0
0
0
0
7
0
0
0
0
0
0
12
0
0
0
5
20
0
0
0
0
0
16
0
0
1
0
0
0
0
0
0
327
0
99
22
0
121
22
151
0
82
0
0
13
0
65
0
36
0
0
0
26
45
0
0
0
4
24
324
4
16
0
15
0
0
41
0
0
0
0
27
0
0
14
1
0
0
0
0
0
0
0
11
0
0
0
0
0
1
0
0
144
0
13
0
1
0
0
0
22
2
0
102
0
0
35
0
27
18
119
52
0
0
0
22
0
0
5
0
42
7
12
13
57
0
36
4
0
0
0
0
0
49
317
396
78
582
56
0
0
96
0
0
0
18
2061
0
0
0
0
0
0
3
45
0
0
1
30
0
300
0
0
0
0
0
0
0
0
144
126
0
12
0
8
0
0
0
0
0
25
18
116
0
0
0
0
31
0
0
0
9
26
0
0
0
16
104
680
280
0
0
11
0
0
0
0
0
15
51
31
0
0
61
0
0
0
58
151
234
39
0
12
1
0
0
0
3
0
0
3
88
0
289
0
4
0
0
0
6
691
8
0
0
0
49
65
0
88
12
22
0
0
0
0
0
0
3
0
0
0
1
107
9
54
5
0
278
0
0
0
0
0
0
0
0
1
87
0
8
44
24
49
0
0
0
0
0
14
0
0
0
251
5
0
37
0
44
0
112
1
0
4
72
14
0
44
0
112
0
0
0
0
7
13
78
0
0
0
0
0
82
3
0
93
2
32
4
9
1
0
47
0
13
40
70
1
0
1
0
0
0
54
0
0
0
14
0
125
6
0
182
0
18
0
0
8
0
0
0
0
0
0
0
0
4
15
0
0
0
4
0
0
0
0
0
0
0
0
0
0
1
3
0
60
7
1
7
0
6
21
0
0
0
0
0
0
0
41
0
29
55
0
0
0
0
0
0
0
0
0
0
0
0
0
0
0
0
0
5
0
0
0
0
0
36
0
12
0
16
29
0
0
0
44
0
0
0
36
0
0
0
0
0
0
0
0
24
0
0
0
0
0
0
0
0
0
45
109
0
0
0
0
0
0
4
0
0
11
1
0
0
0
13
0
378
0
4
17
0
12
0
0
18
0
0
0
0
0
2
171
13
0
0
0
45
13
0
0
0
0
0
0
0
0
0
0
0
196
156
9
0
315
0
0
0
0
84
0
0
15
0
0
0
141
0
55
0
0
0
0
0
0
15
93
0
0
0
0
28
20
0
0
50
0
0
0
0
0
0
0
0
0
0
12
0
0
0
0
0
26
24
89
0
0
394
59
9
19
2
0
10
0
0
0
0
0
0
14
0
95
108
24
2
0
0
0
0
62
0
30
31
0
0
0
0
0
81
312
0
142
0
13
0
0
0
0
0
9
1
5
0
3
0
16
0
0
14
0
0
0
0
0
3
14
0
0
37
15
0
35
1
66
18
0
25
373
22
0
162
58
0
1
25
0
0
28
0
0
33
1
2
123
86
89
107
180
250
261
3298
1902
209
29
252
117
0
3
6
208
1216
1
50
0
0
5
37
25
19
52
175
84
36
12
5
0
0
0
0
0
0
0
43
23
74
0
1062
0
0
5
0
0
0
23
318
78
223
0
0
104
11
0
0
0
0
0
0
0
0
0
0
0
0
0
0
0
0
0
0
0
0
0
0
0
0
0
36
0
0
0
0
0
0
0
0
0
27
0
8
5
0
0
0
0
0
0
0
9
107
18
6
0
0
10
0
53
0
0
0
0
0
7
0
0
2
0
0
0
0
0
2
0
0
0
15
0
0
0
45
0
59
71
0
0
0
0
0
0
0
59
28
15
116
0
218
140
51
229
0
27
0
0
19
9
0
38
5
17
4
53
584
7
0
0
0
0
86
33
25
170
57
82
13
29
3
0
0
22
0
9
5
0
0
185
0
12
0
0
13
0
0
0
27
2
7
0
0
2
19
0
16
0
1
0
7
0
0
0
0
0
0
93
19
0
12
57
27
152
70
16
0
0
0
0
4
0
0
37
33
23
0
31
35
17
5
0
0
5
0
102
0
8
11
0
0
0
177
21
11
61
67
361
12
2
0
70
13
0
484
22
1
47
0
0
0
121
0
47
7
0
0
39
790
0
0
0
0
1
2
2
0
0
3
0
0
33
0
0
1
0
5
0
0
0
97
0
0
0
0
26
0
7
0
1
0
0
0
0
0
0
1
0
21
38
0
0
0
0
0
386
133
70
150
125
18
29
77
2
0
7
28
0
0
0
0
0
0
0
0
0
0
1
0
0
0
0
0
0
0
12
0
0
45
0
23
39
11
0
0
209
0
0
0
52
5
0
0
0
0
0
1
5
0
16
0
20
0
2
47
22
0
107
35
19
0
0
0
44
13
0
18
0
1
0
0
0
0
0
0
0
0
202
42
0
21
0
0
100
0
0
4
0
0
0
7
0
0
0
20
20
0
0
0
0
0
0
0
0
0
0
0
23
152
0
0
37
0
6
0
63
0
126
591
159
22
15
139
496
0
107
115
347
32
0
93
1
20
110
42
29
0
392
0
18
0
0
0
0
7
0
0
0
0
0
0
0
0
9
0
0
0
0
0
0
0
0
0
2
11
0
0
0
0
0
0
1
0
0
0
0
0
10
30
9
165
76
0
113
1
0
0
0
0
0
0
0
26
0
0
0
0
0
0
0
13
14
0
0
0
0
0
11
0
0
0
0
0
0
0
0
0
0
0
0
0
0
0
20
0
7
3
0
0
1228
0
13
0
0
0
0
0
187
0
46
0
0
0
0
0
0
0
0
0
0
0
1
0
0
136
259
253
281
117
522
197
0
633
0
0
639
603
490
233
580
430
28
0
0
1
62
294
21
1911
104
35
43
275
221
157
254
67
534
87
333
0
0
155
0
163
876
161
0
0
275
36
52
0
14
29
0
0
0
11
0
163
2
0
23
16
0
0
21
41
504
18
0
0
0
28
14
0
0
0
20
0
0
0
0
73
0
9
0
3
0
0
0
0
0
0
0
0
0
0
2
6
0
135
0
0
0
0
21
0
9
0
23
0
0
0
0
0
0
0
33
1
0
0
350
1
1
6
0
784
23
0
0
0
247
0
0
15
32
27
48
6
3
0
43
0
0
0
0
0
3
1
0
0
0
0
0
0
0
0
0
0
0
0
0
2
1
0
16
8
0
0
0
0
0
0
15
0
0
0
0
11
2
27
21
54
623
140
2
83
0
0
749
4
24
0
0
0
6
5
18
0
18
21
0
67
0
0
26
13
0
0
38
0
0
0
0
0
130
52
0
0
75
0
0
0
0
0
0
32
1
0
0
37
0
0
88
12
40
0
0
2
0
0
0
0
0
4
0
28
0
0
23
23
10
0
18
0
0
0
2
0
21
0
20
0
47
0
0
33
7
0
0
4
140
359
26
1
44
10
0
0
0
0
0
49
1
0
34
0
183
212
0
2
23
0
0
1
0
0
0
0
46
0
0
1
36
0
0
0
4
0
7
0
0
0
0
0
0
1
0
100
0
7
0
47
0
0
1
0
15
0
0
0
15
0
0
24
142
131
288
14
0
0
362
52
0
45
0
0
79
102
0
15
0
0
14
0
25
95
4
2
13
0
8
0
1
192
13
34
2
11
29
0
0
129
0
31
69
5
54
0
0
32
0
0
3
0
4
3
1
0
6
193
0
0
0
0
1
2
0
0
0
0
0
56
14
41
0
0
0
1
2
0
0
22
10
0
0
0
0
0
495
50
28
0
11
197
0
0
0
32
12
0
102
0
0
7
1
71
48
0
0
0
0
0
0
0
28
0
1
0
0
0
0
1
0
38
0
91
103
0
6
0
0
0
0
3
0
0
0
0
0
0
0
0
0
0
0
0
0
0
6
0
0
3
0
0
27
0
0
33
0
0
33
28
0
0
0
0
0
0
0
63
12
0
0
5
57
0
0
0
18
80
38
188
19
0
0
0
0
0
0
0
1
0
0
0
49
0
2
0
0
118
0
0
32
0
28
87
93
0
85
0
0
268
0
0
5
87
333
7
236
56
184
33
7
496
0
35
0
8
58
35
17
0
0
67
8
148
0
0
0
0
0
400
98
30
0
0
0
0
0
0
0
0
0
0
0
0
0
0
0
0
0
0
0
0
0
0
0
0
0
0
8
0
54
106
3
2
0
80
209
66
4
0
0
0
0
0
0
1
40
0
30
10
0
0
0
37
0
0
0
0
0
0
0
0
0
0
35
0
0
0
0
0
72
4
0
1
26
2
0
0
3
0
21
114
24
0
0
0
0
0
0
0
5
1
30
0
0
0
0
0
0
18
0
0
0
0
188
18
0
0
0
0
0
57
0
0
0
11
3
0
5
0
0
0
0
0
0
0
0
0
0
52
37
76
92
103
41
28
7
0
151
27
0
0
10
2
7
0
0
18
16
0
0
0
0
6
8
1
0
0
0
14
0
0
0
0
0
0
6
0
0
0
0
1
0
10
1
0
0
0
0
0
0
0
0
0
0
0
0
0
0
0
0
0
0
0
1
4
7
0
0
0
0
0
0
67
0
0
0
0
0
1
4
0
0
0
0
14
0
0
39
9
0
0
0
0
12
0
0
0
0
0
25
20
0
0
1242
0
1
0
18
0
0
0
0
0
0
0
1
13
0
0
150
0
0
0
0
0
0
65
5
0
0
268
0
0
36
8
0
0
0
0
0
0
0
0
0
0
0
0
0
0
16
0
0
0
0
0
107
98
41
313
0
0
0
0
0
0
0
0
0
26
0
33
2
0
0
6
0
35
0
0
78
7
13
52
32
11
0
0
0
0
0
0
0
0
0
0
0
0
0
0
0
0
0
37
8
101
0
0
46
2
0
0
0
27
95
21
0
90
0
0
112
4
0
292
0
398
0
68
8
0
60
45
3
0
60
4
0
0
2
0
0
0
66
0
0
0
0
69
0
0
1
0
0
0
0
0
0
6
284
252
0
81
15
0
0
145
0
0
50
0
0
9
0
31
89
0
0
23
0
0
0
0
31
0
225
0
23
0
13
0
0
0
0
0
0
0
0
94
43
0
43
0
108
0
24
1
0
0
9
119
70
75
0
10
80
0
3
87
17
0
0
308
0
0
0
0
0
0
0
0
0
0
0
0
0
0
0
0
0
0
0
0
0
0
0
0
0
0
0
0
0
0
0
0
0
2
0
0
0
0
0
0
0
0
0
0
12
0
0
0
0
131
0
0
8
0
0
0
0
0
0
0
34
0
0
0
112
6
0
47
275
95
15
0
46
22
0
4
0
12
0
2
55
112
19
0
8
0
0
0
208
304
0
1035
138
434
267
0
1
0
0
29
0
197
408
39
0
0
1838
118
631
42
0
0
0
46
3
768
175
1
1
0
14
12
11
91
435
31
646
195
861
200
0
954
1014
372
2
500
4
151
0
625
427
1564
0
0
0
0
129
438
651
1429
59
26
0
454
63
971
197
1
159
75
1200
83
349
3
1145
1586
735
768
83
7
3
9
247
11
85
11
105
0
0
0
0
50
0
1
1038
210
1014
1754
88
327
237
0
734
0
0
0
797
27
3141
170
45
289
699
489
415
813
32
0
8
193
389
48
268
0
807
9
590
0
0
3274
1728
5
0
0
0
0
0
1
0
34
193
105
159
74
0
807
457
65
0
4
3
0
0
33
1
110
24
102
0
0
27
6
0
12
0
0
28
0
300
1094
18
25
0
0
0
1
67
318
75
16
38
201
37
17
51
24
0
0
0
0
31
0
30
33
0
788
69
0
10
0
12
0
0
0
0
14
0
0
20
41
30
0
15
0
0
0
0
126
0
0
0
32
570
0
15
0
0
0
422
7
22
0
0
0
1
0
0
0
0
0
5
15
0
0
0
0
0
0
0
33
0
0
25
0
0
52
0
244
68
0
0
0
2
0
0
0
0
0
0
0
7
0
6
0
0
0
6
86
0
1
0
94
0
0
0
0
0
0
0
0
0
0
0
0
0
0
0
0
0
0
0
0
2
0
0
0
0
0
113
16
0
1
10
195
142
52
2
0
0
0
0
231
0
0
38
10
0
0
0
0
0
19
41
0
0
104
0
0
1
55
0
0
31
597
14
0
106
0
0
0
0
292
80
0
0
238
440
0
52
1
23
0
12
366
71
0
0
0
0
6
0
184
182
18
1
12
0
0
0
0
128
6
143
0
69
10
42
16
0
1
0
1
14
34
11
26
60
1
31
17
0
0
0
0
0
0
0
0
0
2
0
0
0
0
0
0
0
0
0
16
0
0
0
0
0
0
0
0
0
0
0
0
27
0
0
0
0
0
0
0
0
0
0
0
0
0
0
0
0
5
0
9
0
0
0
0
0
0
0
0
0
0
241
0
0
0
0
5
0
0
0
0
0
0
0
0
0
0
52
0
0
1
0
1
1
0
0
80
8
87
0
1
0
1
0
0
3
0
7
0
0
0
0
0
0
0
64
8
0
76
0
0
0
220
0
0
0
0
0
0
20
18
40
41
19
31
50
46
53
6
0
0
482
44
36
0
0
0
0
0
0
29
0
0
0
0
120
48
357
1
0
0
0
0
0
0
0
0
0
0
33
1
0
46
0
3
0
0
159
25
189
0
770
70
345
203
43
32
3
1
0
58
40
0
0
0
0
183
0
33
0
0
0
284
0
0
0
0
0
0
0
0
0
0
30
2
0
0
0
0
8
0
0
0
0
0
0
0
0
22
28
1
0
5
14
1
0
132
11
0
29
0
0
0
0
1
5
8
0
132
0
0
0
0
0
9
63
2
0
0
11
160
0
80
0
0
0
0
0
0
1207
0
0
0
3
515
0
246
0
37
34
0
0
0
0
0
0
0
0
0
0
0
0
0
0
0
0
0
0
0
0
0
14
0
0
0
0
0
0
0
0
36
0
120
9
0
0
0
0
474
0
319
0
0
0
0
6
0
0
1476
0
0
0
13
0
8
6
0
0
22
0
27
11
0
24
27
0
0
109
76
25
10
239
192
265
0
64
165
299
0
0
0
0
3
21
0
0
0
0
7
86
7
0
0
0
0
0
0
0
0
43
120
0
0
23
0
0
38
0
0
0
0
0
27
0
0
0
0
0
0
0
29
0
47
46
0
0
0
0
0
43
537
0
0
0
0
0
0
0
17
16
66
0
0
0
0
6
10
12
932
0
0
0
0
0
0
0
0
19
0
0
0
0
0
0
13
20
0
0
0
0
0
0
0
0
0
0
0
0
0
0
0
19
0
58
0
0
0
29
0
0
0
2
186
0
0
0
0
1
0
0
0
0
0
215
227
15
0
0
0
19
0
0
0
0
1
0
0
0
12
0
0
0
0
21
0
13
0
0
0
0
0
0
0
0
2
0
0
0
40
0
5
0
156
74
0
0
0
22
0
0
0
0
7
0
0
0
0
0
0
0
5
0
0
14
0
0
80
0
0
0
0
0
0
0
58
166
205
0
20
71
0
3
0
5
38
0
0
246
16
18
0
0
0
0
0
0
0
0
0
38
0
0
0
0
0
0
0
0
13
0
14
0
0
0
0
14
1
0
0
0
0
0
0
0
0
0
0
46
0
0
1925
1
0
0
0
1
0
0
0
0
0
42
0
0
22
0
0
0
0
0
0
10
0
0
0
0
0
0
0
0
0
0
0
1
0
33
0
0
190
0
0
0
0
0
0
0
0
0
0
0
0
11
0
0
0
0
0
0
0
0
0
0
0
0
3
2
0
0
16
0
0
0
0
0
79
0
0
108
0
24
26
0
58
0
6
0
0
0
7
0
18
16
0
0
0
734
0
0
12
32
6
0
1
31
0
14
387
0
86
0
3
0
25
121
31
14
0
0
746
0
3
0
0
8
0
0
0
0
8
0
0
0
0
0
0
0
0
0
1
0
0
42
0
24
0
0
3
95
0
0
0
1
0
0
0
0
0
15
0
9541
16
0
0
0
0
0
0
2
0
0
8
0
0
41
115
0
0
68
144
0
33
0
600
0
42
140
0
223
64
155
9
59
6
0
12
0
0
0
0
57
17
0
41
0
452
0
0
1
60
5
0
0
0
0
0
0
4
0
0
0
0
60
2
1
0
0
0
68
0
0
0
0
0
0
115
37
0
0
0
53
0
120
0
0
65
1
0
46
34
644
0
20
0
33
0
23
60
8
1
0
0
0
22
0
0
0
0
0
0
60
0
48
0
0
0
46
0
0
0
5
0
0
0
14
0
0
18
64
0
0
0
0
0
0
0
0
208
1
0
0
0
0
0
0
0
0
0
0
0
0
0
0
0
0
0
0
0
14
14
0
55
0
0
8
10
0
0
0
1
0
0
43
0
0
13
69
67
74
23
0
0
5
0
0
34
0
0
0
0
0
0
110
23
0
16
0
0
0
0
0
0
13
0
15
0
0
0
1
0
3
1
0
0
0
0
0
0
0
3
0
0
0
0
762
0
0
0
0
0
0
0
0
0
0
3
6
18
11
0
0
0
0
139
820
0
11
10
0
0
23
0
1
0
0
1
0
0
0
0
0
0
0
0
25
136
46
0
2
0
53
51
22
28
0
0
50
128
0
10
136
66
17
0
1
0
0
0
0
0
0
0
0
30
44
65
0
66
0
0
0
0
0
0
152
0
88
4
1
25
0
0
2
35
98
2
29
0
0
6
0
0
0
0
0
0
0
0
0
9
0
0
98
0
10
0
0
0
0
0
0
0
0
7
0
0
0
60
0
0
0
109
0
0
0
0
0
7
0
0
0
131
64
0
0
0
4
6
9
31
95
0
0
0
55
0
0
0
260
0
0
197
18
44
76
10
0
0
0
0
0
0
0
0
0
0
0
0
0
0
0
0
0
0
0
0
0
0
8
0
0
0
0
0
0
0
0
0
0
18
0
0
31
70
31
14
3
607
202
368
0
27
40
0
0
12
0
0
139
10
30
34
0
0
0
0
0
0
0
0
0
0
1
0
0
0
0
0
0
0
2
2
0
0
0
0
0
0
0
0
0
0
0
0
0
0
0
0
1
0
0
0
0
0
0
0
0
0
0
0
0
0
0
0
0
0
0
0
2
0
0
0
0
0
0
0
0
0
0
1
0
0
0
0
2
0
0
0
2
0
0
5
0
0
0
0
0
0
0
4
0
1
2
0
0
0
0
0
0
0
0
0
0
0
0
0
0
6
0
0
3
2
0
2
0
0
0
1
0
0
0
0
0
0
0
0
0
0
0
0
0
0
0
0
0
0
0
0
0
0
0
0
0
0
0
0
0
0
0
0
0
0
0
0
0
0
0
0
0
0
0
0
0
0
0
0
0
0
0
0
0
0
0
0
0
0
0
0
0
0
0
0
0
0
0
0
0
0
0
0
0
0
0
0
0
0
0
0
0
0
0
0
0
0
0
0
0
0
0
0
0
0
0
0
0
0
0
0
0
0
0
0
0
0
0
0
0
0
0
0
0
0
0
1
0
0
0
0
0
0
0
0
0
0
0
0
0
0
0
1
0
0
0
0
0
0
0
0
0
0
0
0
0
4
0
0
1
0
0
0
0
0
0
0
0
0
6
0
0
0
0
0
2
0
0
2
0
1
0
3
0
3
0
0
0
0
0
0
0
0
0
0
1
0
0
1
0
0
0
0
0
0
0
0
0
0
0
0
0
2
0
0
1
0
0
0
0
0
0
0
0
0
0
0
0
3
0
0
2
2
0
0
0
0
0
1
0
0
0
0
0
0
2
0
0
0
0
0
0
0
0
1
8
3
0
0
0
0
2
2
0
0
0
0
0
0
0
1
0
0
0
102
225
239
6
70
9
32
147
53
677
45
745
162
693
0
365
185
280
203
0
0
0
0
4
0
0
0
125
0
0
134
162
0
15
0
60
12
0
0
5
0
0
7
164
0
60
2
1
8
0
0
0
0
4
0
0
0
0
52
57
35
0
213
0
261
0
0
0
0
0
0
63
0
0
47
119
0
0
2
0
0
1
163
0
0
0
0
0
0
0
0
0
0
1
0
0
0
0
0
0
0
0
0
0
78
0
0
252
0
0
0
0
0
0
1
0
12
0
0
0
0
0
0
34
0
0
0
0
1
0
0
0
0
0
0
0
0
0
0
0
0
0
0
0
2
31
0
1
0
0
0
0
0
0
81
1
23
21
0
0
0
0
0
0
0
0
0
0
0
0
0
0
0
0
0
2
0
4
0
0
0
2
0
50
0
0
6
0
0
0
0
0
0
0
0
0
0
0
0
0
0
0
0
0
0
0
0
0
0
0
12
0
0
0
0
22
0
0
1
0
0
0
0
0
0
0
0
0
0
0
85
26
58
0
23
0
40
0
0
0
0
0
0
0
0
0
0
0
28
0
0
0
0
0
0
1
0
21
0
20
0
18
0
0
0
112
0
0
0
0
0
9
22
0
0
34
0
0
0
0
4
0
0
0
0
0
0
93
463
0
0
0
0
0
0
0
0
0
0
0
14
0
0
0
0
0
0
0
45
0
0
54
15
0
16
4
0
0
0
0
0
0
0
0
0
0
0
0
0
1
0
0
0
0
7
0
0
23
0
0
124
0
0
154
0
34
33
0
0
8
24
0
0
0
29
0
0
0
1
5
57
111
8
0
104
0
0
0
0
0
0
0
1
16
1
5
1
9
0
0
0
0
0
0
0
0
0
0
9
0
102
0
1041
0
116
64
61
92
86
230
45
0
224
126
0
0
2
13
232
60
6
0
0
13
161
27
320
0
111
0
190
230
39
3
478
155
0
9
1
0
77
29
9
55
69
0
2
0
9
0
8
0
5
0
0
139
0
0
194
122
226
166
0
39
356
1
0
0
0
0
0
0
33
418
0
0
0
0
0
0
0
0
0
0
18
0
0
0
0
0
0
0
0
0
0
0
0
43
0
0
0
5
0
5
22
0
0
0
0
15
0
0
7
0
1
0
3
0
0
18
0
0
0
0
0
0
0
0
1
0
0
0
0
23
0
0
4
0
0
0
98
34
0
0
3
0
21
0
0
5
0
0
0
0
0
65
0
6
0
0
120
19
0
4
0
0
257
0
0
6
0
0
104
0
0
0
0
0
309
0
0
0
0
0
5
4
0
0
0
0
0
0
0
4
292
0
0
2
0
2
22
0
23
9
0
0
56
0
24
0
0
41
0
0
0
0
35
0
43
0
0
297
0
0
0
0
451
0
350
0
0
0
0
0
0
0
0
13
0
0
180
0
0
11
0
300
17
0
0
0
0
16
33
0
121
58
0
28
0
63
0
0
14
14
0
0
0
0
0
30
0
2
0
12
17
58
0
40
0
0
0
0
0
0
60
0
647
46
66
0
0
0
31
4
20
32
231
69
26
0
0
0
0
0
0
0
0
0
0
0
0
0
15
0
0
0
1
203
0
21
132
55
0
52
0
0
0
0
175
6
0
0
29
345
350
17
112
51
0
235
83
325
0
0
0
0
0
37
22
13
0
0
1
0
0
0
0
3
0
8
0
4
15
43
15
16
379
0
2
0
18
0
0
0
41
0
73
0
0
46
1
44
0
5
0
0
104
0
8
1
0
56
0
10
0
10
128
14
18
21
0
0
17
0
0
0
0
1
0
0
0
0
15
0
0
141
0
223
0
8
0
0
0
0
0
0
0
0
0
59
5
0
0
0
0
0
0
0
0
16
0
0
33
454
4
0
0
0
0
0
0
0
0
0
45
0
0
0
0
65
34
37
0
0
0
0
0
0
1
0
0
18
15
128
544
121
0
0
0
0
0
12
2
0
31
0
18
9
5
15
0
167
0
27
88
21
0
0
133
0
0
0
418
0
0
2
28
25
0
14
0
49
0
3
9
2
0
72
0
115
141
0
0
35
33
7
97
0
0
0
0
0
0
0
0
0
0
0
0
0
0
0
0
0
0
0
0
0
0
0
0
0
0
4
0
18
0
0
81
0
1
0
0
0
0
0
0
188
0
18
0
27
0
0
32
0
0
0
100
41
64
0
0
0
0
0
0
0
0
0
0
0
0
0
0
0
0
0
0
0
0
0
0
0
1
0
137
2
0
9
5
44
297
0
82
0
50
0
0
0
0
0
43
0
0
150
0
378
0
0
58
62
7
0
0
0
48
0
10
0
0
3
0
1
1
0
5
0
14
13
0
0
25
0
0
2
0
0
4
0
0
0
0
0
1
217
1169
153
0
0
0
0
0
0
0
68
0
0
0
0
0
37
0
0
0
15
40
0
0
2
2
9
0
0
7
0
628
203
0
10
0
97
153
0
0
0
0
0
0
0
0
26
0
0
0
7
0
0
23
17
0
0
0
0
0
39
12
26
27
2
1
0
11
0
0
22
24
1
0
21
0
93
0
0
0
314
0
0
0
0
0
2
0
0
0
0
0
9
0
0
0
0
8
0
0
0
0
0
0
0
0
42
2
0
1
0
2
4
0
0
16
29
60
0
0
4
0
0
0
0
0
35
0
0
0
0
26
0
0
0
87
0
0
0
0
0
0
4
2
0
0
0
33
1
0
0
0
72
0
0
0
4
174
0
29
0
73
0
0
16
0
0
0
0
74
73
0
0
98
0
38
0
0
0
0
1
0
0
0
37
10
35
0
0
4
0
6
4
0
3
0
0
0
19
0
0
0
0
523
1
0
0
21
0
17
3
0
2
9
0
52
0
27
0
13
0
0
0
0
0
0
12
0
1
0
0
0
24
34
0
6
3
205
9
169
1
27
0
0
0
2
204
15
0
0
0
0
0
0
0
0
216
19
2
2
0
0
20
0
12
11
0
0
0
0
0
0
0
0
0
0
0
0
0
0
20
0
91
407
181
368
56
83
14
92
72
4
176
1116
240
161
0
62
120
0
35
0
0
0
0
0
0
0
33
9
0
0
0
0
0
10
137
12
0
36
0
17
214
0
0
19
0
0
1
15
0
2
27
31
1
0
0
1
27
0
0
0
0
0
5
0
0
0
0
0
0
0
0
0
27
81
23
0
0
0
0
0
0
0
0
15
0
0
0
0
16
178
18
62
15
95
47
108
1967
1
0
0
2
30
0
14
0
21
0
0
0
718
0
0
2
0
0
0
34
115
6
0
280
142
21
37
3
133
0
0
0
318
0
0
0
1
0
60
0
0
8
35
16
9
0
9
105
2
0
0
0
0
0
44
0
0
46
29
0
13
0
93
15
34
10
0
0
0
0
0
0
26
0
0
210
67
0
21
0
0
0
0
0
0
26
12
38
36
0
0
0
0
0
0
0
0
0
0
51
0
9
0
5
0
50
0
402
267
33
0
0
29
0
0
0
0
2
0
0
2
0
0
0
117
103
66
0
0
0
0
0
4
3
14
0
0
0
14
0
33
0
4
0
0
32
0
0
0
0
10
25
26
0
0
0
0
0
9
0
0
0
0
640
261
0
0
0
0
0
0
0
0
0
11
29
0
0
0
61
0
0
0
0
102
0
0
0
26
0
0
0
0
0
0
2
0
5
0
0
23
0
0
0
0
0
30
0
0
6
0
0
0
1
0
0
76
0
0
13
1
0
0
0
247
0
0
0
233
0
0
0
104
49
0
0
31
352
0
23
0
0
0
0
0
8
284
26
0
0
0
0
0
0
0
1
20
0
12
206
0
11
0
0
0
30
0
0
0
279
0
2
0
44
0
0
0
0
0
0
0
16
0
0
0
0
179
6
0
4
0
21
0
0
333
7
53
0
25
0
187
66
0
35
0
0
0
0
0
0
0
0
0
31
0
0
0
0
0
0
0
0
0
0
0
12
0
0
0
0
0
0
0
0
80
5
11
324
0
2
0
32
0
0
145
341
236
0
0
0
0
0
11
0
0
0
0
0
3
0
0
0
0
0
40
16
0
57
0
0
1
0
30
4
0
0
0
0
0
0
0
0
0
0
0
0
0
2
0
0
0
0
0
7
0
0
12
0
0
0
8
0
0
0
0
0
0
24
0
0
12
0
15
0
0
0
0
200
47
163
0
0
0
98
1
1
0
21
0
0
0
0
0
79
0
15
0
17
44
6
29
0
0
148
0
475
46
43
0
388
769
81
0
0
49
2
2
0
1
0
21
89
0
0
0
7
282
78
31
1135
26
0
0
0
19
0
296
45
0
0
0
0
6
0
0
0
0
0
0
0
0
0
0
0
23
6
0
0
0
0
44
0
313
0
0
28
0
0
12
0
0
7
12
71
734
11
1
72
0
41
29
1
0
0
36
0
0
0
0
26
269
18
688
2
0
0
0
0
31
37
896
0
30
5
0
8
0
0
0
207
152
153
0
0
0
0
0
24
1
0
0
0
0
10
0
0
11
60
62
15
1
41
3
65
0
0
208
57
19
0
0
0
13
117
7
208
0
137
101
3
50
0
0
0
2
0
0
0
0
0
0
0
0
0
0
0
0
3
0
0
0
0
0
117
0
0
3
4
0
0
2
0
0
8
0
0
0
31
0
21
5
0
10
0
248
0
0
0
38
7
0
0
0
0
19
0
8
0
0
0
0
13
0
0
0
14
0
0
0
0
0
0
0
0
0
0
0
20
0
0
0
0
7
0
0
0
0
0
0
16
9
0
27
29
0
0
0
0
0
0
0
0
46
0
0
0
0
0
0
11
0
0
0
0
0
0
19
8
250
2
12
0
0
21
19
2
0
41
0
503
11
0
1
5
0
22
10
54
49
9
11
50
0
32
27
70
0
0
0
0
0
0
0
0
0
0
0
0
0
0
0
72
0
1
84
0
0
9
2
0
8
0
0
0
52
25
98
0
4
117
0
0
0
0
0
0
26
21
0
9
57
0
36
2
0
0
0
0
0
0
436
0
5
0
0
94
0
18
0
0
0
0
0
0
0
5
91
132
4
0
20
12
0
0
84
0
0
0
0
1
90
0
0
4
0
0
15
0
0
0
0
0
0
0
0
0
0
0
35
89
1
0
0
439
167
0
14
24
0
0
0
0
0
0
0
30
7
13
0
0
162
0
0
19
0
18
0
0
3
0
0
0
0
0
0
0
29
10
0
58
0
36
0
0
40
0
0
3
0
13
0
0
0
0
1
4
1
0
0
4
0
0
0
63
93
1
103
69
6
1
2
18
5
5
0
0
0
39
222
0
0
0
23
10
0
16
0
0
0
0
0
0
0
0
0
0
0
0
0
0
0
0
0
0
0
0
0
0
0
0
0
0
0
0
0
0
0
0
0
0
0
0
0
0
0
0
0
0
0
0
0
0
0
0
16
0
0
0
42
127
9
18
0
0
0
19
0
17
1
8
9
0
0
14
692
0
51
32
78
51
0
0
1
9
23
0
9
1224
27
77
0
0
85
31
0
0
270
0
0
0
0
22
1
22
0
0
8
0
24
0
7
0
99
0
0
39
0
1
0
781
331
0
1
0
0
78
0
0
0
0
54
0
23
19
156
34
0
0
0
0
0
18
5
0
27
0
100
0
0
8
0
21
0
208
80
7
55
31
0
0
202
36
0
0
1469
39
0
0
28
0
0
0
0
20
0
106
67
0
9
689
57
0
37
201
689
7
12
41
0
0
13
0
22
2
0
60
0
237
31
0
30
0
38
154
211
13
17
0
110
1
1
13
18
0
0
0
0
0
25
3
63
4
33
104
43
67
17
0
0
0
137
5
98
2
1
8
0
1418
299
1
16
16
127
1
0
0
0
13
0
0
0
0
0
0
31
7
159
30
0
20
0
319
0
0
76
31
0
92
18
163
35
0
25
0
18
10
133
0
14
0
0
0
0
0
0
32
0
0
125
116
0
135
0
44
0
25
28
0
47
0
41
0
0
0
0
0
0
0
0
0
0
0
0
0
0
0
0
0
0
0
0
0
0
0
110
26
4
28
1
0
0
0
0
41
87
0
16
0
0
0
0
0
0
0
75
0
0
16
50
30
0
16
0
14
0
0
0
0
0
0
0
0
13
0
0
104
133
61
0
0
0
95
103
0
186
17
7
0
0
0
0
0
0
0
0
113
16
255
131
82
4
304
65
71
121
20
206
0
2
15
0
11
0
29
88
0
7
0
29
10
0
8
0
0
0
0
238
21
39
166
243
7
0
0
4
29
52
90
0
0
0
0
0
0
0
0
0
0
0
0
0
0
0
0
0
0
0
0
0
0
0
0
0
0
0
0
8
1
34
12
0
50
0
0
0
0
0
7
0
7
0
10
0
0
5
0
0
1
10
0
8
0
0
4
47
0
12
0
0
15
0
46
27
3
0
0
0
5
10
0
0
636
19
18
0
1
0
0
238
48
21
18
83
21
58
43
273
0
0
0
0
0
0
0
38
452
0
0
0
22
13
297
7
0
0
0
21
0
0
90
0
18
0
0
0
0
16
46
0
0
0
1
0
0
0
181
0
0
33
418
1
0
0
0
5
1
0
0
0
0
66
135
113
0
0
0
0
0
0
0
0
13
0
4
0
0
1
23
0
0
0
0
0
0
128
0
34
0
0
0
0
195
12
0
0
177
0
10
279
0
0
0
0
0
0
0
0
0
0
0
0
52
15
0
10
0
0
3
52
60
21
0
38
81
46
0
27
0
0
19
0
0
4
20
21
21
37
11
54
39
0
27
9
0
3
103
0
209
46
0
16
0
0
0
0
0
0
0
0
4
0
0
0
0
16
103
0
8
17
0
0
0
0
0
33
0
0
0
0
0
0
0
2
0
0
0
0
0
0
0
0
53
8
44
325
0
0
12
3
12
1
2
3
0
0
14
0
84
2
16
130
0
23
22
0
0
1084
0
0
28
11
0
0
0
85
0
11
1
0
61
0
0
0
218
8
103
0
12
0
0
28
0
36
0
0
128
0
10
134
26
277
3
467
293
315
551
83
0
101
0
0
0
0
82
0
0
0
9
194
98
0
0
0
75
51
18
0
57
328
86
2
73
7
0
65
189
257
0
0
0
18
0
0
0
1
0
0
1
8
8
0
427
2
0
0
0
0
0
0
127
0
0
0
0
0
0
0
0
18
0
0
0
0
21
0
0
32
0
0
17
0
24
202
0
0
0
16
0
37
0
60
0
8
0
0
0
0
0
0
0
0
0
0
0
0
0
0
0
0
0
0
66
18
87
0
0
6
2
0
0
0
0
36
0
4
2
0
0
0
11
0
0
93
0
0
209
0
0
0
0
0
0
0
0
0
0
0
0
0
0
0
0
0
0
0
0
31
0
23
0
0
0
0
0
0
0
0
0
0
0
0
0
0
9
0
0
9
275
9
56
31
0
25
108
6
20
11
26
194
795
18
12
21
117
0
0
0
0
0
1
20
1
6
0
103
36
24
46
5
0
0
0
0
19
13
64
453
89
85
19
43
51
1
0
8
60
102
125
0
0
204
0
0
226
26
33
32
6
177
0
7
522
755
0
0
87
1
445
52
1
100
0
0
0
0
29
0
0
0
26
0
0
0
0
0
0
0
1
9
0
0
0
5
0
0
0
18
0
0
0
19
20
7
5
23
2
0
0
1
0
0
0
0
0
15
73
15
22
0
36
0
49
0
0
67
0
11
0
0
0
43
0
0
0
0
0
0
0
0
42
1
0
1
53
8
0
0
0
0
0
89
23
309
42
39
8
0
0
2
11
0
0
45
42
4
0
22
0
23
0
167
0
0
0
0
0
0
57
28
0
9
111
0
0
0
0
0
39
0
0
0
33
9
0
0
0
10
2
0
0
0
20
0
10
41
24
0
0
88
0
0
0
0
7
0
192
20
11
10
21
21
150
0
0
0
0
0
0
0
0
0
0
0
0
0
0
13
0
0
0
0
0
9
0
0
13
0
0
4
0
0
1
0
6
78
103
0
0
0
61
16
135
0
22
0
25
0
0
0
0
0
181
14
0
3
0
0
0
0
0
0
0
51
27
0
32
0
0
0
23
0
5
0
92
32
0
146
1
0
0
25
24
27
0
2
15
0
10
0
32
0
0
44
13
0
0
43
475
0
0
0
1
0
0
0
40
0
0
0
0
0
0
31
2
7
0
17
86
11
33
0
0
11
0
0
0
6
0
55
0
0
0
0
0
0
0
0
45
1
0
0
8
0
0
0
0
41
0
0
1
3
170
27
0
65
0
9
20
0
0
0
16
6
0
0
0
0
5
2
11
82
0
206
9
0
11
0
0
0
0
0
1
20
15
0
23
9
0
41
0
0
0
0
2
0
0
42
28
11
0
67
0
17
5
296
96
39
0
46
0
0
0
1
10
4
0
0
0
18
0
81
0
15
30
52
0
0
24
0
0
1
0
0
0
37
1
1
0
0
1
0
4
10
0
0
55
0
0
0
0
0
0
0
39
13
69
5
0
41
0
0
0
0
0
0
0
0
0
0
0
0
1
26
5
0
0
0
0
0
2
172
0
0
1
15
0
18
32
0
146
0
8
68
0
0
1
20
0
1
2
1
0
0
1
2
0
14
0
0
0
0
0
0
0
0
13
35
0
1
23
18
0
0
0
0
0
206
0
0
0
28
0
2
0
11
0
0
12
0
33
0
0
0
0
0
1
0
0
0
50
0
0
0
13
8
0
3
4
0
0
0
0
0
65
12
0
0
0
11
1
0
8
0
9
0
2
65
0
0
29
0
121
0
0
1
0
4
0
3
0
0
0
1
0
46
0
0
25
12
12
0
0
3
0
1
0
0
20
9
3
0
0
0
131
41
63
20
25
0
0
180
0
0
20
62
19
1
1
0
0
0
0
222
0
3
0
21
21
40
3
2
11
0
0
3
0
5
0
12
34
0
9
0
0
0
25
0
0
0
0
13
0
0
0
0
0
78
0
11
13
0
0
0
0
23
0
26
47
0
0
0
0
0
0
28
0
0
0
9
62
31
1
0
0
3
0
35
24
0
41
1
3
16
6
6
0
11
0
0
1
0
30
0
2
0
0
0
0
0
25
7
0
0
0
0
0
0
0
0
20
13
0
0
0
0
0
0
0
7
0
13
0
2
0
2
3
37
18
1
2
0
48
0
1
44
0
0
0
0
0
0
0
0
0
0
0
10
25
28
0
0
0
14
9
2
1
0
0
0
8
3
0
0
15
0
0
0
0
0
0
50
25
35
0
3
12
0
0
0
0
0
0
0
0
48
15
0
0
0
14
6
47
0
0
0
23
1
0
28
5
1
0
0
0
10
0
0
22
0
10
0
0
0
0
0
0
9
0
0
0
0
2
13
22
0
106
0
0
0
44
10
0
7
6
6
168
302
29
304
1
0
0
0
0
0
0
0
0
0
48
605
1930
227
0
0
0
0
28
14
0
0
0
2
0
0
0
0
0
4
0
19
0
12
11
0
0
0
0
0
0
28
10
48
71
0
14
0
34
5
0
0
21
7
0
0
41
55
227
0
0
0
0
7
2
43
1
10566
1438
1093
1018
230
133
76
50
11
25
15
0
0
0
0
0
0
0
0
0
0
0
0
9980
1190
786
105
104
56
26
7
0
0
0
0
0
11
0
0
0
0
0
0
0
0
0
8565
1871
484
106
56
90
16
0
39
0
0
29
0
0
0
1
0
0
0
0
0
0
0
9508
1375
352
251
181
78
0
17
37
12
31
0
0
0
0
0
0
0
0
0
0
0
0
